-122.6382575	166.4228875
-121.6614805	165.4538291
-120.6770466	164.4925501
-119.6850175	163.5391112
-118.6854558	162.5935722
-117.6784244	161.6559928
-116.6639867	160.7264318
-115.6422064	159.8049479
-114.613148	158.891599
-113.5768761	157.9864426
-112.5334561	157.0895357
-111.4829535	156.2009347
-110.4254344	155.3206955
-109.3609656	154.4488736
-108.2896138	153.5855238
-107.2114466	152.7307004
-106.1265318	151.8844573
-105.0349378	151.0468477
-103.9367331	150.2179244
-102.8319869	149.3977394
-101.7207688	148.5863444
-100.6031487	147.7837906
-99.47919686	146.9901283
-98.34898412	146.2054076
-97.21258157	145.4296778
-96.07006074	144.6629877
-94.92149353	143.9053857
-93.76695224	143.1569193
-92.60650952	142.4176358
-91.4402384	141.6875816
-90.26821231	140.9668026
-89.09050498	140.2553443
-87.90719055	139.5532514
-86.7183435	138.8605681
-85.52403864	138.177338
-84.32435114	137.5036041
-83.1193565	136.8394088
-81.90913057	136.1847939
-80.69374952	135.5398006
-79.47328982	134.9044695
-78.24782831	134.2788406
-77.0174421	133.6629532
-75.78220863	133.0568462
-74.54220564	132.4605576
-73.29751118	131.874125
-72.04820359	131.2975853
-70.79436148	130.7309748
-69.53606378	130.1743292
-68.27338967	129.6276835
-67.00641864	129.091072
-65.73523041	128.5645286
-64.45990499	128.0480864
-63.18052265	127.5417779
-61.89716391	127.0456349
-60.60990953	126.5596888
-59.31884055	126.0839701
-58.0240382	125.6185086
-56.72558398	125.1633338
-55.42355962	124.7184742
-54.11804706	124.2839579
-52.80912846	123.8598122
-51.4968862	123.4460638
-50.18140288	123.0427388
-48.86276128	122.6498625
-47.5410444	122.2674596
-46.21633542	121.8955542
-44.88871772	121.5341698
-43.55827484	121.183329
-42.22509054	120.843054
-40.88924871	120.5133662
-39.55083342	120.1942863
-38.20992892	119.8858344
-36.86661959	119.5880299
-35.52098998	119.3008915
-34.17312479	119.0244374
-32.82310883	118.7586849
-31.47102708	118.5036507
-30.11696464	118.259351
-28.76100672	118.025801
-27.40323866	117.8030155
-26.04374592	117.5910085
-24.68261406	117.3897934
-23.31992875	117.1993828
-21.95577575	117.0197886
-20.59024091	116.8510223
-19.22341018	116.6930943
-17.85536959	116.5460147
-16.48620523	116.4097927
-15.11600328	116.284437
-13.74484996	116.1699552
-12.37283159	116.0663548
-11.0000345	115.9736422
-9.626545105	115.8918232
-8.252449842	115.8209029
-6.877835192	115.760886
-5.502787671	115.711776
-4.127393821	115.6735762
-2.751740204	115.6462889
-1.3759134	115.6299158
1.06E-14	115.624458
0.216470292	115.6249885
0.432935385	115.6265798
0.649390078	115.6292321
0.865829173	115.6329452
1.082247471	115.637719
1.298639773	115.6435534
1.515000882	115.6504483
1.7313256	115.6584034
1.947608732	115.6674187
2.163845083	115.6774939
2.380029458	115.6886288
2.596156665	115.700823
2.812221512	115.7140763
3.028218809	115.7283884
3.244143368	115.743759
3.459990004	115.7601876
3.67575353	115.7776738
3.891428765	115.7962173
4.107010527	115.8158177
4.322493639	115.8364743
4.537872925	115.8581868
4.753143211	115.8809546
4.968299327	115.9047772
5.183336103	115.9296539
5.398248377	115.9555843
5.613030984	115.9825676
5.827678766	116.0106033
6.042186568	116.0396906
6.256549236	116.0698289
6.470761621	116.1010174
6.684818579	116.1332553
6.898714968	116.166542
7.112445649	116.2008766
7.32600549	116.2362583
7.53938936	116.2726862
7.752592133	116.3101595
7.96560869	116.3486772
8.178433912	116.3882385
8.391062689	116.4288423
8.603489912	116.4704878
8.815710479	116.5131738
9.027719293	116.5568995
9.239511261	116.6016636
9.451081295	116.6474653
9.662424315	116.6943033
9.873535244	116.7421765
10.08440901	116.7910838
10.29504055	116.841024
10.5054248	116.8919959
10.71555671	116.9439983
10.92543123	116.9970299
11.13504333	117.0510895
11.34438796	117.1061757
11.5534601	117.1622873
11.76225472	117.2194229
11.97076682	117.2775811
12.17899138	117.3367605
12.38692339	117.3969597
12.59455788	117.4581772
12.80188984	117.5204117
13.0089143	117.5836615
13.21562629	117.6479252
13.42202083	117.7132012
13.62809299	117.779488
13.83383779	117.846784
14.0392503	117.9150875
14.2443256	117.9843969
14.44905874	118.0547105
14.65344482	118.1260267
14.85747892	118.1983438
15.06115614	118.2716599
15.2644716	118.3459734
15.4674204	118.4212824
15.66999767	118.4975852
15.87219856	118.5748799
16.07401819	118.6531647
16.27545172	118.7324377
16.47649432	118.8126969
16.67714115	118.8939405
16.8773874	118.9761664
17.07722825	119.0593728
17.2766589	119.1435576
17.47567458	119.2287188
17.67427048	119.3148544
17.87244185	119.4019622
18.07018392	119.4900403
18.26749195	119.5790864
18.46436119	119.6690984
18.66078692	119.7600743
18.85676442	119.8520117
19.05228897	119.9449085
19.24735589	120.0387625
19.44196049	120.1335713
19.6360981	120.2293328
19.82976404	120.3260446
20.02295367	120.4237044
20.21566235	120.5223098
20.40788545	120.6218585
20.59961836	120.7223482
30.09251625	125.7076533
39.60092491	130.6616723
49.12484433	135.5844049
58.66427453	140.4758512
68.21921549	145.3360113
77.78966722	150.1648851
87.37562972	154.9624726
96.97710298	159.7287739
106.594087	164.4637889
116.2265818	169.1675176
125.8745874	173.83996
135.5381037	178.4811161
145.2171308	183.090986
154.9116687	187.6695696
164.6217173	192.2168669
174.3472767	196.7328779
184.0883469	201.2176027
193.8449279	205.6710411
203.6170196	210.0931933
213.4046221	214.4840593
223.2077353	218.8436389
233.0263593	223.1719323
242.8604941	227.4689394
252.7101397	231.7346602
262.575296	235.9690947
272.4559631	240.172243
282.3521409	244.344105
292.2638295	248.4846807
302.1910289	252.5939701
312.1337391	256.6719733
322.09196	260.7186901
332.0656917	264.7341207
342.0549342	268.7182651
352.0596874	272.6711231
362.0799514	276.5926949
372.1157262	280.4829804
382.1670117	284.3419796
392.233808	288.1696925
402.3161151	291.9661192
412.4139329	295.7312596
422.5272615	299.4651137
432.6561009	303.1676815
442.800451	306.8389631
452.9603119	310.4789583
463.1356836	314.0876673
473.3265661	317.6650901
483.5329593	321.2112265
493.7548633	324.7260767
503.992278	328.2096406
514.2452035	331.6619182
524.5136398	335.0829095
534.7975869	338.4726146
545.0970447	341.8310334
555.4120133	345.1581659
565.7424926	348.4540121
576.0884827	351.7185721
586.4499836	354.9518457
596.8269953	358.1538331
607.2195177	361.3245343
617.6275509	364.4639491
628.0510949	367.5720777
638.4901496	370.64892
648.9447151	373.694476
659.4147914	376.7087457
669.9003784	379.6917292
680.4014762	382.6434264
690.9180848	385.5638373
701.4502041	388.4529619
711.9978342	391.3108002
722.5609751	394.1373523
733.1396267	396.9326181
743.7337891	399.6965976
754.3434623	402.4292909
764.9686463	405.1306978
775.609341	407.8008185
786.2655465	410.4396529
796.9372627	413.0472011
807.6244897	415.6234629
818.3272275	418.1684385
829.0454761	420.6821278
839.7792354	423.1645309
850.5285055	425.6156476
861.2932863	428.0354781
872.0735779	430.4240223
882.8693803	432.7812802
893.6806935	435.1072518
904.5075174	437.4019372
915.3498521	439.6653363
926.2076976	441.8974491
937.0810538	444.0982756
947.9699208	446.2678159
958.8742986	448.4060699
969.7941871	450.5130376
980.7295864	452.588719
991.6804965	454.6331142
1002.646917	456.646223
1013.628849	458.6280456
1024.626291	460.578582
1035.639244	462.497832
