# Axial (center line) profile RAO nozzle / chemical equilibrium / Kerosene conditions
# Columns:
# 1: Axial distance from throat [mm]
# 2: Density [kg/m3]
# 3: axial velocity [m/s]
# 4: pressure [Pa]
# 5: temperature [K]
# 6: Mach number [1]
# 7-12: Mass fractions of major species: CO, CO2, H2, H2O, OH, O2
 -2.718956893E+02 7.941885215E+00 2.580382595E+02 1.053419969E+07 3.636113075E+03 2.090715023E-01 4.423837214E-01 2.469820199E-01 9.573743552E-03 2.575500868E-01 3.028597938E-02 8.297842865E-03
 -2.625200867E+02 7.943594561E+00 2.586304101E+02 1.053624447E+07 3.636080500E+03 2.095530233E-01 4.423785334E-01 2.469901633E-01 9.573580435E-03 2.575559835E-01 3.028112316E-02 8.295441272E-03
 -2.534175599E+02 7.938306456E+00 2.608639358E+02 1.052876411E+07 3.635900820E+03 2.113684920E-01 4.423741470E-01 2.469971416E-01 9.573563329E-03 2.575581387E-01 3.027793470E-02 8.294535419E-03
 -2.445801552E+02 7.934132080E+00 2.641142869E+02 1.052241866E+07 3.635652440E+03 2.140110641E-01 4.423629213E-01 2.470148710E-01 9.573351634E-03 2.575675878E-01 3.026850061E-02 8.290653731E-03
 -2.360001507E+02 7.927306602E+00 2.686253534E+02 1.051220649E+07 3.635287176E+03 2.176795588E-01 4.423475456E-01 2.470391702E-01 9.573081578E-03 2.575800627E-01 3.025573231E-02 8.285521896E-03
 -2.276700492E+02 7.919267633E+00 2.741840414E+02 1.050007687E+07 3.634830160E+03 2.222007903E-01 4.423280497E-01 2.470699725E-01 9.572748856E-03 2.575959730E-01 3.023934906E-02 8.279027338E-03
 -2.195825720E+02 7.909481910E+00 2.807852687E+02 1.048530583E+07 3.634266102E+03 2.275711734E-01 4.423050818E-01 2.471062649E-01 9.572411970E-03 2.576141888E-01 3.021982766E-02 8.271704013E-03
 -2.117306525E+02 7.898157825E+00 2.883565377E+02 1.046817901E+07 3.633608610E+03 2.337324050E-01 4.422781816E-01 2.471487690E-01 9.572014777E-03 2.576355779E-01 3.019695350E-02 8.263101871E-03
 -2.041074296E+02 7.885219850E+00 2.968528887E+02 1.044858677E+07 3.632856142E+03 2.406486495E-01 4.422473636E-01 2.471974631E-01 9.571559063E-03 2.576600913E-01 3.017075303E-02 8.253239237E-03
 -1.967062423E+02 7.870655333E+00 3.062210520E+02 1.042649898E+07 3.632007182E+03 2.482774170E-01 4.422125454E-01 2.472524768E-01 9.571043190E-03 2.576878016E-01 3.014115737E-02 8.242085335E-03
 -1.895206236E+02 7.854388627E+00 3.164131500E+02 1.040179217E+07 3.631057431E+03 2.565807665E-01 4.421735546E-01 2.473140828E-01 9.570464676E-03 2.577188414E-01 3.010802510E-02 8.229584828E-03
 -1.825442948E+02 7.836336186E+00 3.273821130E+02 1.037432698E+07 3.630001584E+03 2.655215401E-01 4.421301631E-01 2.473826411E-01 9.569819912E-03 2.577533942E-01 3.007116627E-02 8.215661691E-03
 -1.757711600E+02 7.816420232E+00 3.390817152E+02 1.034397078E+07 3.628834665E+03 2.750633404E-01 4.420821563E-01 2.474584909E-01 9.569105490E-03 2.577916318E-01 3.003040343E-02 8.200244045E-03
 -1.691953009E+02 7.794591102E+00 3.514653541E+02 1.031063123E+07 3.627553214E+03 2.851694856E-01 4.420293782E-01 2.475418780E-01 9.568318802E-03 2.578336805E-01 2.998560962E-02 8.183278066E-03
 -1.628109718E+02 7.770832735E+00 3.644863293E+02 1.027426517E+07 3.626155691E+03 2.958032013E-01 4.419717510E-01 2.476329255E-01 9.567458377E-03 2.578796041E-01 2.993672479E-02 8.164734562E-03
 -1.566125940E+02 7.745164654E+00 3.780980714E+02 1.023488226E+07 3.624642632E+03 3.069277783E-01 4.419092819E-01 2.477316214E-01 9.566524006E-03 2.579293986E-01 2.988376210E-02 8.144611595E-03
 -1.505947514E+02 7.717635091E+00 3.922542171E+02 1.019253492E+07 3.623016255E+03 3.185066299E-01 4.418420474E-01 2.478378450E-01 9.565516503E-03 2.579830044E-01 2.982679369E-02 8.122929214E-03
 -1.447521858E+02 7.688301796E+00 4.069085424E+02 1.014728711E+07 3.621278758E+03 3.305033095E-01 4.417701073E-01 2.479515010E-01 9.564436121E-03 2.580403821E-01 2.976587614E-02 8.099699271E-03
 -1.390797921E+02 7.657203290E+00 4.220131585E+02 1.009918299E+07 3.619433967E+03 3.428799319E-01 4.416936636E-01 2.480722708E-01 9.563286748E-03 2.581013446E-01 2.970119757E-02 8.074992950E-03
 -1.335726137E+02 7.624408696E+00 4.375180536E+02 1.004826493E+07 3.617474911E+03 3.555975838E-01 4.416121287E-01 2.482010785E-01 9.562053528E-03 2.581664900E-01 2.963222882E-02 8.048564380E-03
 -1.282258385E+02 7.589831082E+00 4.533739876E+02 9.994557959E+06 3.615444524E+03 3.686147044E-01 4.415285926E-01 2.483330613E-01 9.560809203E-03 2.582327509E-01 2.956178496E-02 8.021646711E-03
 -1.230347947E+02 7.553925272E+00 4.695233855E+02 9.937875304E+06 3.613140532E+03 3.818996524E-01 4.414284167E-01 2.484912554E-01 9.559208064E-03 2.583146385E-01 2.947659735E-02 7.988375999E-03
 -1.179949463E+02 7.514502127E+00 4.859929966E+02 9.879038394E+06 3.611002621E+03 3.954352158E-01 4.413454623E-01 2.486223771E-01 9.558076261E-03 2.583779676E-01 2.940748054E-02 7.962601173E-03
 -1.131018896E+02 7.471895627E+00 5.028329731E+02 9.816369826E+06 3.608353068E+03 4.093087467E-01 4.412325774E-01 2.488006405E-01 9.556322724E-03 2.584689682E-01 2.931183947E-02 7.925646947E-03
 -1.083513491E+02 7.427895539E+00 5.198326427E+02 9.751594887E+06 3.605665812E+03 4.233277071E-01 4.411193990E-01 2.489793842E-01 9.554590201E-03 2.585595381E-01 2.921627250E-02 7.888806555E-03
 -1.037391739E+02 7.382547481E+00 5.369688247E+02 9.684595796E+06 3.602901677E+03 4.374771453E-01 4.410031605E-01 2.491629624E-01 9.552814114E-03 2.586523949E-01 2.911829046E-02 7.850976381E-03
 -9.926133389E+01 7.336019799E+00 5.541951395E+02 9.615548452E+06 3.600058264E+03 4.517206692E-01 4.408834226E-01 2.493520644E-01 9.550980984E-03 2.587480371E-01 2.901748606E-02 7.811950079E-03
 -9.491391640E+01 7.288420892E+00 5.714703649E+02 9.544575599E+06 3.597138348E+03 4.660256190E-01 4.407601993E-01 2.495466665E-01 9.549088962E-03 2.588464928E-01 2.891386937E-02 7.771711351E-03
 -9.069312272E+01 7.239868729E+00 5.887521719E+02 9.471823827E+06 3.594147351E+03 4.803581511E-01 4.406336708E-01 2.497464835E-01 9.547139819E-03 2.589476331E-01 2.880759772E-02 7.730307877E-03
 -8.659526478E+01 7.190507137E+00 6.059987789E+02 9.397482253E+06 3.591092636E+03 4.946846097E-01 4.405041078E-01 2.499510872E-01 9.545136899E-03 2.590512529E-01 2.869890495E-02 7.687818723E-03
 -8.261676192E+01 7.140512444E+00 6.231694287E+02 9.321807659E+06 3.587987805E+03 5.089714734E-01 4.403721601E-01 2.501594525E-01 9.543091665E-03 2.591567928E-01 2.858835882E-02 7.644467859E-03
 -7.875413778E+01 7.090094995E+00 6.402265100E+02 9.245049267E+06 3.584830885E+03 5.231890934E-01 4.402373321E-01 2.503723565E-01 9.540988308E-03 2.592648326E-01 2.847548943E-02 7.600017987E-03
 -7.500401727E+01 7.039320453E+00 6.571434696E+02 9.167530042E+06 3.581692030E+03 5.373095872E-01 4.401044171E-01 2.505822538E-01 9.538936797E-03 2.593707045E-01 2.836460060E-02 7.556363017E-03
 -7.136312356E+01 6.988626213E+00 6.738914060E+02 9.088869687E+06 3.578304765E+03 5.513368478E-01 4.399539920E-01 2.508197088E-01 9.536476545E-03 2.594936418E-01 2.823818350E-02 7.505686317E-03
 -6.782827530E+01 6.935851460E+00 6.905709151E+02 9.010548615E+06 3.575322006E+03 5.652717812E-01 4.398356577E-01 2.510066709E-01 9.534810103E-03 2.595839207E-01 2.814105670E-02 7.468237699E-03
 -6.439638379E+01 6.879775653E+00 7.074495961E+02 8.928889355E+06 3.571593574E+03 5.794381672E-01 4.396708716E-01 2.512667630E-01 9.532138897E-03 2.597177952E-01 2.800288971E-02 7.413022568E-03
 -6.106445028E+01 6.823873121E+00 7.240901689E+02 8.847390305E+06 3.567972120E+03 5.934196360E-01 4.395133473E-01 2.515154226E-01 9.529633350E-03 2.598444795E-01 2.787147653E-02 7.360628304E-03
 -5.782956338E+01 6.768315542E+00 7.404746841E+02 8.766017675E+06 3.564388550E+03 6.072087286E-01 4.393579418E-01 2.517607419E-01 9.527170251E-03 2.599690965E-01 2.774217030E-02 7.308973753E-03
 -5.468889648E+01 6.713301576E+00 7.565752648E+02 8.684900131E+06 3.560798822E+03 6.207860798E-01 4.392025730E-01 2.520059960E-01 9.524747109E-03 2.600934207E-01 2.761280413E-02 7.257476331E-03
 -5.163970532E+01 6.659039171E+00 7.723583642E+02 8.604313650E+06 3.557127181E+03 6.341190578E-01 4.390536643E-01 2.522410779E-01 9.522953570E-03 2.602080207E-01 2.748675771E-02 7.211193669E-03
 -4.867932556E+01 6.605585729E+00 7.878092334E+02 8.524436487E+06 3.553487690E+03 6.471976015E-01 4.389054815E-01 2.524750058E-01 9.521155540E-03 2.603221873E-01 2.736148587E-02 7.164982042E-03
 -4.580517044E+01 6.553006412E+00 8.029170985E+02 8.445340042E+06 3.549872302E+03 6.600134700E-01 4.387573791E-01 2.527087945E-01 9.519338307E-03 2.604365787E-01 2.723638325E-02 7.118581196E-03
 -4.301472859E+01 6.501256483E+00 8.176789606E+02 8.367247515E+06 3.546364195E+03 6.725538348E-01 4.386149003E-01 2.529337209E-01 9.517615930E-03 2.605458632E-01 2.711649313E-02 7.074128193E-03
 -4.030556173E+01 6.450605471E+00 8.320989715E+02 8.289456803E+06 3.542627502E+03 6.848624024E-01 4.384554416E-01 2.531853539E-01 9.515520431E-03 2.606718616E-01 2.698120669E-02 7.022886771E-03
 -3.767530265E+01 6.398796190E+00 8.463460778E+02 8.213625776E+06 3.539392203E+03 6.969656679E-01 4.383311622E-01 2.533816239E-01 9.514175439E-03 2.607632587E-01 2.687825608E-02 6.985467563E-03
 -3.512165306E+01 6.343212285E+00 8.609864475E+02 8.133578229E+06 3.535354907E+03 7.094774064E-01 4.381605578E-01 2.536508251E-01 9.511977020E-03 2.608967310E-01 2.673406802E-02 6.931110102E-03
 -3.264238161E+01 6.289366535E+00 8.751757606E+02 8.055860598E+06 3.531525716E+03 7.216146627E-01 4.380006712E-01 2.539031357E-01 9.509956504E-03 2.610206907E-01 2.659957433E-02 6.880468144E-03
 -3.023532195E+01 6.236901480E+00 8.889907211E+02 7.979753641E+06 3.527805419E+03 7.334515166E-01 4.378455717E-01 2.541478940E-01 9.508000964E-03 2.611406423E-01 2.646943651E-02 6.831337282E-03
 -2.789837083E+01 6.185988438E+00 9.024092168E+02 7.905454013E+06 3.524180477E+03 7.449705344E-01 4.376940618E-01 2.543869824E-01 9.506081860E-03 2.612578404E-01 2.634251447E-02 6.783224568E-03
 -2.562948624E+01 6.136659428E+00 9.154242897E+02 7.833020726E+06 3.520647115E+03 7.561653623E-01 4.375458302E-01 2.546208900E-01 9.504192037E-03 2.613726142E-01 2.621850021E-02 6.736006311E-03
 -2.342668567E+01 6.088917776E+00 9.280255957E+02 7.762513092E+06 3.517213262E+03 7.670251770E-01 4.374013981E-01 2.548487973E-01 9.502342162E-03 2.614844782E-01 2.609784530E-02 6.689886227E-03
 -2.128804434E+01 6.042730133E+00 9.402073632E+02 7.693870086E+06 3.513862398E+03 7.775462679E-01 4.372597152E-01 2.550723569E-01 9.500511335E-03 2.615944346E-01 2.597958712E-02 6.644467634E-03
 -1.921169354E+01 5.997941337E+00 9.519745769E+02 7.627126702E+06 3.510663180E+03 7.877216529E-01 4.371256731E-01 2.552838737E-01 9.498804524E-03 2.616977089E-01 2.586816517E-02 6.601681137E-03
 -1.719581897E+01 5.954586893E+00 9.633543333E+02 7.561398317E+06 3.507291637E+03 7.976195033E-01 4.369774010E-01 2.555177631E-01 9.496767641E-03 2.618153434E-01 2.574378179E-02 6.553038723E-03
 -1.523865919E+01 5.910392348E+00 9.745874370E+02 7.497365621E+06 3.504386787E+03 8.073233351E-01 4.368621968E-01 2.556996172E-01 9.495440654E-03 2.619005122E-01 2.564960313E-02 6.517456838E-03
 -1.333850407E+01 5.860735473E+00 9.866404152E+02 7.426818740E+06 3.500584574E+03 8.178120818E-01 4.366966142E-01 2.559607948E-01 9.493207513E-03 2.620306167E-01 2.551123599E-02 6.463576026E-03
 -1.149369327E+01 5.813157126E+00 9.981773755E+02 7.359126791E+06 3.497032125E+03 8.278574604E-01 4.365440518E-01 2.562014572E-01 9.491193404E-03 2.621492610E-01 2.538443694E-02 6.414264430E-03
 -9.702614826E+00 5.767455109E+00 1.009267304E+03 7.293752136E+06 3.493615516E+03 8.375316055E-01 4.363971934E-01 2.564331194E-01 9.489251411E-03 2.622633742E-01 2.526261407E-02 6.366728224E-03
 -7.963703715E+00 5.723664202E+00 1.019920958E+03 7.230744465E+06 3.490324535E+03 8.468434602E-01 4.362552824E-01 2.566569719E-01 9.487364975E-03 2.623737209E-01 2.514504944E-02 6.320670237E-03
 -6.275440500E+00 5.681863399E+00 1.030138900E+03 7.170261491E+06 3.487167369E+03 8.557906842E-01 4.361187262E-01 2.568723724E-01 9.485540693E-03 2.624799735E-01 2.503206467E-02 6.276237090E-03
 -4.636350000E+00 5.642247729E+00 1.039905559E+03 7.112544357E+06 3.484062253E+03 8.643546550E-01 4.359928000E-01 2.570710235E-01 9.484299169E-03 2.625743253E-01 2.492633863E-02 6.237830216E-03
 -3.045000000E+00 5.604892969E+00 1.049209085E+03 7.057823326E+06 3.481096471E+03 8.725234071E-01 4.358743829E-01 2.572578312E-01 9.483243679E-03 2.626621191E-01 2.482658694E-02 6.202332394E-03
 -1.500000000E+00 5.569485170E+00 1.058107740E+03 7.005676376E+06 3.478263326E+03 8.803489955E-01 4.357607123E-01 2.574371445E-01 9.482217113E-03 2.627465785E-01 2.473088841E-02 6.168121894E-03
 0.000000000E+00 5.535975653E+00 1.066601056E+03 6.956173988E+06 3.475600091E+03 8.878236511E-01 4.356542093E-01 2.576051547E-01 9.481262997E-03 2.628254176E-01 2.464145157E-02 6.136111371E-03
 1.500000000E+00 5.503076070E+00 1.075000326E+03 6.907017767E+06 3.472847260E+03 8.952457669E-01 4.355409489E-01 2.577837892E-01 9.480173640E-03 2.629108938E-01 2.454581439E-02 6.101426970E-03
 3.045000000E+00 5.468095733E+00 1.083814342E+03 6.856170773E+06 3.470420161E+03 9.029689352E-01 4.354518329E-01 2.579244577E-01 9.479560832E-03 2.629723081E-01 2.447294648E-02 6.076155825E-03
 4.636350000E+00 5.423867304E+00 1.094527990E+03 6.793757885E+06 3.466560778E+03 9.124524247E-01 4.352897555E-01 2.581800201E-01 9.477934889E-03 2.630959398E-01 2.433557621E-02 6.026059340E-03
 6.275440500E+00 5.374449329E+00 1.106341815E+03 6.724167081E+06 3.462450614E+03 9.229075744E-01 4.351212136E-01 2.584458161E-01 9.476334357E-03 2.632221230E-01 2.419390375E-02 5.974675107E-03
 7.963703715E+00 5.326080047E+00 1.117931254E+03 6.655726290E+06 3.458456166E+03 9.331811428E-01 4.349579207E-01 2.587033390E-01 9.474794297E-03 2.633438697E-01 2.405709746E-02 5.924931127E-03
 9.702614826E+00 5.278258093E+00 1.129397982E+03 6.587648853E+06 3.454501566E+03 9.433694919E-01 4.347960219E-01 2.589586602E-01 9.473261055E-03 2.634644762E-01 2.392174940E-02 5.875510472E-03
 1.149369327E+01 5.231551032E+00 1.140612287E+03 6.520719470E+06 3.450619173E+03 9.533591416E-01 4.346365185E-01 2.592101976E-01 9.471736711E-03 2.635833816E-01 2.378861418E-02 5.826658579E-03
 1.333850407E+01 5.186859235E+00 1.151364870E+03 6.456260613E+06 3.446883670E+03 9.629619145E-01 4.344824792E-01 2.594531117E-01 9.470250670E-03 2.636983151E-01 2.366022788E-02 5.779319549E-03
 1.523865919E+01 5.145410301E+00 1.161363659E+03 6.396090885E+06 3.443393724E+03 9.719144917E-01 4.343378946E-01 2.596811087E-01 9.468839785E-03 2.638063733E-01 2.353985241E-02 5.734712777E-03
 1.719581897E+01 5.108842704E+00 1.170209626E+03 6.342757159E+06 3.440320155E+03 9.798491028E-01 4.342105995E-01 2.598818420E-01 9.467597884E-03 2.639013349E-01 2.343410880E-02 5.695409856E-03
 1.921169354E+01 5.079086971E+00 1.177423769E+03 6.298989167E+06 3.437743780E+03 9.863442336E-01 4.341021384E-01 2.600528573E-01 9.466499434E-03 2.639831049E-01 2.334376899E-02 5.661565689E-03
 2.128804434E+01 5.056454925E+00 1.182883026E+03 6.266049458E+06 3.435973522E+03 9.912347354E-01 4.340317346E-01 2.601639073E-01 9.465878054E-03 2.640338796E-01 2.328616607E-02 5.640339750E-03
 2.342668567E+01 5.016061327E+00 1.192238077E+03 6.209854109E+06 3.432506528E+03 9.996398582E-01 4.338866069E-01 2.603927211E-01 9.464433309E-03 2.641424878E-01 2.316562100E-02 5.595336207E-03
 2.562948624E+01 4.932777896E+00 1.211618891E+03 6.093834245E+06 3.425155277E+03 1.017116719E+00 4.335741010E-01 2.608853746E-01 9.461214814E-03 2.643783575E-01 2.290576863E-02 5.497448311E-03
 2.789837083E+01 4.822107066E+00 1.237699257E+03 5.938041948E+06 3.415538254E+03 1.040712079E+00 4.331679118E-01 2.615257376E-01 9.457085429E-03 2.646822160E-01 2.257054090E-02 5.370389706E-03
 3.023532195E+01 4.703853634E+00 1.266448945E+03 5.766654982E+06 3.404047525E+03 1.067010734E+00 4.326894505E-01 2.622798986E-01 9.453218880E-03 2.650381157E-01 2.216873176E-02 5.225075456E-03
 3.264238161E+01 4.621175204E+00 1.285735653E+03 5.652004750E+06 3.397106646E+03 1.084502339E+00 4.324347596E-01 2.626815652E-01 9.452295393E-03 2.652083670E-01 2.195997062E-02 5.155590750E-03
 3.512165306E+01 4.549872305E+00 1.302362160E+03 5.553407817E+06 3.390053352E+03 1.099769523E+00 4.321519883E-01 2.631272477E-01 9.450626172E-03 2.654120576E-01 2.172240557E-02 5.073272357E-03
 3.767530265E+01 4.487053863E+00 1.317144117E+03 5.465945681E+06 3.383944512E+03 1.113371437E+00 4.319085490E-01 2.635109511E-01 9.449222586E-03 2.655858869E-01 2.151915848E-02 5.002560777E-03
 4.030556173E+01 4.437078568E+00 1.329033677E+03 5.395734832E+06 3.379054529E+03 1.124349259E+00 4.317127343E-01 2.638195807E-01 9.448067877E-03 2.657258424E-01 2.135603637E-02 4.945398480E-03
 4.301472859E+01 4.391549528E+00 1.339939236E+03 5.331445188E+06 3.374659176E+03 1.134434589E+00 4.315376276E-01 2.640955800E-01 9.447056044E-03 2.658501034E-01 2.121088463E-02 4.894387154E-03
 4.580517044E+01 4.340804732E+00 1.352366777E+03 5.258327893E+06 3.369296247E+03 1.146039047E+00 4.313143002E-01 2.644474944E-01 9.445522311E-03 2.660141099E-01 2.102369960E-02 4.827310127E-03
 4.867932556E+01 4.289437602E+00 1.364483492E+03 5.187249503E+06 3.364863864E+03 1.157196949E+00 4.311479315E-01 2.647098050E-01 9.444815669E-03 2.661250616E-01 2.088956384E-02 4.780802631E-03
 5.163970532E+01 4.227667825E+00 1.378887983E+03 5.103072754E+06 3.358322400E+03 1.170655522E+00 4.308749534E-01 2.651399129E-01 9.442937180E-03 2.663245470E-01 2.066174242E-02 4.698834214E-03
 5.468889648E+01 4.148047178E+00 1.397646542E+03 4.994029316E+06 3.350204931E+03 1.188191480E+00 4.305411999E-01 2.656658198E-01 9.440755511E-03 2.665644124E-01 2.038599440E-02 4.599356843E-03
 5.782956338E+01 4.045612167E+00 1.422561981E+03 4.850114098E+06 3.338922504E+03 1.211761602E+00 4.300590543E-01 2.664253982E-01 9.437152258E-03 2.669202629E-01 1.998511126E-02 4.451702174E-03
 6.106445028E+01 3.940251443E+00 1.447715761E+03 4.706035122E+06 3.328808202E+03 1.235326733E+00 4.296808905E-01 2.670214349E-01 9.436264081E-03 2.671686423E-01 1.967932743E-02 4.348432230E-03
 6.439638379E+01 3.833989020E+00 1.473134364E+03 4.561852555E+06 3.316437363E+03 1.259514702E+00 4.292051818E-01 2.677708822E-01 9.435622465E-03 2.674923529E-01 1.928159881E-02 4.219072894E-03
 6.782827530E+01 3.723631900E+00 1.500622207E+03 4.407467670E+06 3.302452712E+03 1.286067619E+00 4.286449760E-01 2.686532664E-01 9.434235844E-03 2.678856649E-01 1.881022479E-02 4.061401822E-03
 7.136312356E+01 3.621749119E+00 1.525200814E+03 4.271039730E+06 3.291994836E+03 1.309440660E+00 4.282620539E-01 2.692566677E-01 9.434230491E-03 2.681280845E-01 1.850220917E-02 3.960753890E-03
 7.500401727E+01 3.518503321E+00 1.550549100E+03 4.132065480E+06 3.279146349E+03 1.334044461E+00 4.277463496E-01 2.700688900E-01 9.432924610E-03 2.684848774E-01 1.807449877E-02 3.815040845E-03
 7.875413778E+01 3.412183257E+00 1.577352963E+03 3.986966588E+06 3.266393783E+03 1.360157825E+00 4.272389380E-01 2.708680858E-01 9.431739390E-03 2.688296636E-01 1.765937358E-02 3.671981594E-03
 8.261676192E+01 3.306681671E+00 1.603508030E+03 3.847454794E+06 3.253457171E+03 1.385707706E+00 4.267288140E-01 2.716714875E-01 9.430971312E-03 2.691713517E-01 1.724345886E-02 3.530159518E-03
 8.659526478E+01 3.194525012E+00 1.632524669E+03 3.695014709E+06 3.236744043E+03 1.414674595E+00 4.260991992E-01 2.726628892E-01 9.432986430E-03 2.695818600E-01 1.671672331E-02 3.369016862E-03
 9.069312272E+01 3.084266178E+00 1.660555225E+03 3.550361325E+06 3.223548577E+03 1.442161828E+00 4.256401546E-01 2.733859673E-01 9.435560608E-03 2.698480948E-01 1.635184062E-02 3.259552040E-03
 9.491391640E+01 2.970704605E+00 1.690462971E+03 3.398822320E+06 3.205656663E+03 1.472498502E+00 4.249426046E-01 2.744841191E-01 9.437068071E-03 2.703101669E-01 1.577092927E-02 3.075067679E-03
 9.926133389E+01 2.858132933E+00 1.719978033E+03 3.252365315E+06 3.191594781E+03 1.501871446E+00 4.244358958E-01 2.752820981E-01 9.439319641E-03 2.706088329E-01 1.537162346E-02 2.949281012E-03
 1.037391739E+02 2.742894489E+00 1.751337130E+03 3.100096976E+06 3.171755715E+03 1.534338760E+00 4.236476371E-01 2.765228076E-01 9.441151284E-03 2.711324107E-01 1.471734592E-02 2.738590183E-03
 1.083513491E+02 2.628849075E+00 1.782304581E+03 2.953354209E+06 3.155526162E+03 1.565698805E+00 4.231139442E-01 2.773631730E-01 9.447705545E-03 2.714082141E-01 1.430083185E-02 2.626402868E-03
 1.131018896E+02 2.514070542E+00 1.814870892E+03 2.802828650E+06 3.133688659E+03 1.600037724E+00 4.223147498E-01 2.786209944E-01 9.454616489E-03 2.718913631E-01 1.364307625E-02 2.437291201E-03
 1.179949463E+02 2.402021919E+00 1.846476339E+03 2.660749368E+06 3.115819557E+03 1.632804138E+00 4.216870409E-01 2.796090684E-01 9.460837118E-03 2.722391930E-01 1.314828404E-02 2.294232501E-03
 1.230347947E+02 2.290373031E+00 1.879084472E+03 2.518356514E+06 3.096487046E+03 1.667194320E+00 4.209809169E-01 2.807203893E-01 9.466897709E-03 2.726474928E-01 1.258663655E-02 2.126178406E-03
 1.282258385E+02 2.179595651E+00 1.912350184E+03 2.377483488E+06 3.073100760E+03 1.703124717E+00 4.201816508E-01 2.819781190E-01 9.479090280E-03 2.730700450E-01 1.195058206E-02 1.959974128E-03
 1.335726137E+02 2.070831178E+00 1.945537083E+03 2.241464666E+06 3.052845903E+03 1.738584131E+00 4.195251830E-01 2.830112506E-01 9.491100052E-03 2.733755698E-01 1.145058537E-02 1.834444078E-03
 1.390797921E+02 1.964530802E+00 1.979155168E+03 2.108355954E+06 3.029373039E+03 1.775543779E+00 4.187172383E-01 2.842824654E-01 9.504048609E-03 2.737932809E-01 1.081544378E-02 1.667053223E-03
 1.447521858E+02 1.861647246E+00 2.012551610E+03 1.980861111E+06 3.005535866E+03 1.812732314E+00 4.178768028E-01 2.856046645E-01 9.516867707E-03 2.742368002E-01 1.015436006E-02 1.487674351E-03
 1.505947514E+02 1.762148439E+00 2.045694873E+03 1.859038314E+06 2.983029351E+03 1.849444597E+00 4.171972708E-01 2.866738263E-01 9.535693388E-03 2.744808004E-01 9.665801569E-03 1.383506201E-03
 1.566125940E+02 1.665625852E+00 2.079028447E+03 1.741274702E+06 2.958536896E+03 1.887197019E+00 4.164262665E-01 2.878867187E-01 9.555646420E-03 2.747875750E-01 9.097284793E-03 1.255994167E-03
 1.628109718E+02 1.572049557E+00 2.112585223E+03 1.627474105E+06 2.931421754E+03 1.926238982E+00 4.155348026E-01 2.892889018E-01 9.577091663E-03 2.751774390E-01 8.423276860E-03 1.097614592E-03
 1.691953009E+02 1.482127236E+00 2.145622575E+03 1.520137195E+06 2.906706871E+03 1.964464449E+00 4.147623549E-01 2.905038905E-01 9.599373082E-03 2.754514555E-01 7.874981426E-03 9.767444303E-04
 1.757711600E+02 1.395535001E+00 2.178678707E+03 1.417399561E+06 2.881661562E+03 2.003072879E+00 4.140346502E-01 2.916484690E-01 9.626221278E-03 2.756289313E-01 7.396210178E-03 8.883927710E-04
 1.825442948E+02 1.312301718E+00 2.211702785E+03 1.319377864E+06 2.854268919E+03 2.042639467E+00 4.132080393E-01 2.929484519E-01 9.655239422E-03 2.758658230E-01 6.833162632E-03 7.786121882E-04
 1.895206236E+02 1.232614823E+00 2.244737447E+03 1.225840114E+06 2.825033898E+03 2.083257983E+00 4.122948777E-01 2.943844082E-01 9.685824868E-03 2.761597493E-01 6.194920603E-03 6.478827121E-04
 1.967062423E+02 1.156677403E+00 2.277295899E+03 1.138016065E+06 2.796497910E+03 2.123413156E+00 4.114903858E-01 2.956494457E-01 9.722943645E-03 2.762526995E-01 5.726133812E-03 5.751422784E-04
 2.041074296E+02 1.084401235E+00 2.309462497E+03 1.055464165E+06 2.768849231E+03 2.163420972E+00 4.107047933E-01 2.968847064E-01 9.759388379E-03 2.763407789E-01 5.271070497E-03 5.039977229E-04
 2.117306525E+02 1.015769199E+00 2.341240023E+03 9.779868243E+05 2.741900788E+03 2.203354714E+00 4.099230209E-01 2.981138980E-01 9.794757699E-03 2.764441676E-01 4.810866683E-03 4.281730225E-04
 2.195825720E+02 9.505868000E-01 2.372974398E+03 9.045476941E+05 2.711322636E+03 2.244723405E+00 4.090406921E-01 2.995010634E-01 9.838188073E-03 2.765098302E-01 4.323678146E-03 3.534120922E-04
 2.276700492E+02 8.888475292E-01 2.404390175E+03 8.356207852E+05 2.679399969E+03 2.286576935E+00 4.081514931E-01 3.008989396E-01 9.888550206E-03 2.764603241E-01 3.905065994E-03 3.029295129E-04
 2.360001507E+02 8.305570821E-01 2.435389844E+03 7.712017873E+05 2.647690710E+03 2.328578301E+00 4.072520577E-01 3.023128498E-01 9.938616871E-03 2.764332686E-01 3.467336025E-03 2.468708090E-04
 2.445801552E+02 7.755560342E-01 2.465784816E+03 7.114578162E+05 2.617439123E+03 2.370042911E+00 4.063826629E-01 3.036794867E-01 9.987095536E-03 2.764026728E-01 3.049763369E-03 1.918028474E-04
 2.534175599E+02 7.236105751E-01 2.495875030E+03 6.555747389E+05 2.586348937E+03 2.411995947E+00 4.055072315E-01 3.050555072E-01 1.004407527E-02 2.761861323E-01 2.759917120E-03 1.665840107E-04
 2.625200867E+02 6.746823299E-01 2.525561941E+03 6.035310469E+05 2.555387547E+03 2.454092702E+00 4.046246638E-01 3.064427052E-01 1.010101657E-02 2.759873983E-01 2.453824186E-03 1.380737884E-04
 2.718956893E+02 6.286992579E-01 2.554768147E+03 5.552503583E+05 2.524859656E+03 2.496130309E+00 4.037433313E-01 3.078279256E-01 1.015734515E-02 2.758082845E-01 2.134705356E-03 1.063747508E-04
 2.815525599E+02 5.854890142E-01 2.583724761E+03 5.101393738E+05 2.491921719E+03 2.539460419E+00 4.027679338E-01 3.093608921E-01 1.022325169E-02 2.755091323E-01 1.859280563E-03 8.314624925E-05
 2.914991367E+02 5.449653380E-01 2.612226135E+03 4.683303573E+05 2.458000522E+03 2.583329281E+00 4.017467427E-01 3.109657599E-01 1.029506429E-02 2.751192821E-01 1.629046427E-03 6.846001031E-05
 3.017441108E+02 5.070150225E-01 2.640185596E+03 4.297498453E+05 2.424797530E+03 2.627012739E+00 4.007397236E-01 3.125483308E-01 1.036565500E-02 2.747509655E-01 1.389630702E-03 5.207136596E-05
 3.122964342E+02 4.714726864E-01 2.667756147E+03 3.939893536E+05 2.391253271E+03 2.671199094E+00 3.997017141E-01 3.141795640E-01 1.043874349E-02 2.743622066E-01 1.151144807E-03 3.539211644E-05
 3.231653272E+02 4.382442034E-01 2.694908493E+03 3.609058099E+05 2.356941446E+03 2.716271453E+00 3.985634043E-01 3.159683231E-01 1.052193080E-02 2.737913913E-01 1.007484580E-03 2.959359875E-05
 3.343602870E+02 4.071965547E-01 2.721508320E+03 3.304777295E+05 2.323336886E+03 2.761151385E+00 3.974445073E-01 3.177265609E-01 1.060372947E-02 2.732413241E-01 8.571583031E-04 2.304003181E-05
 3.458910956E+02 3.782276983E-01 2.747473768E+03 3.026178442E+05 2.291089068E+03 2.805376995E+00 3.963666199E-01 3.194203426E-01 1.068253108E-02 2.727219706E-01 7.037012169E-04 1.584521523E-05
 3.577678285E+02 3.511846525E-01 2.773094634E+03 2.768458948E+05 2.257970242E+03 2.850668579E+00 3.951752344E-01 3.212924175E-01 1.077008975E-02 2.720862425E-01 5.873627807E-04 1.122380596E-05
 3.700008633E+02 3.259677718E-01 2.798253411E+03 2.531370448E+05 2.224836178E+03 2.896427047E+00 3.939179703E-01 3.232679703E-01 1.086290850E-02 2.713674629E-01 5.056026000E-04 9.171785502E-06
 3.826008892E+02 3.024730671E-01 2.822918810E+03 2.313747549E+05 2.192116718E+03 2.942195802E+00 3.926745386E-01 3.252217785E-01 1.095486875E-02 2.706634291E-01 4.187902932E-04 6.809325868E-06
 3.955789159E+02 2.805968213E-01 2.847110532E+03 2.114025745E+05 2.159705394E+03 2.988054132E+00 3.914408079E-01 3.271603342E-01 1.104628461E-02 2.699721624E-01 3.263494233E-04 4.093976128E-06
 4.089462834E+02 2.602374200E-01 2.870906993E+03 1.930262927E+05 2.126773698E+03 3.034994935E+00 3.900246391E-01 3.293855055E-01 1.115055495E-02 2.691196198E-01 2.729633560E-04 2.996737184E-06
 4.227146719E+02 2.413134544E-01 2.894219369E+03 1.761936851E+05 2.094059796E+03 3.082236065E+00 3.885691846E-01 3.316723886E-01 1.125766395E-02 2.682294434E-01 2.305082659E-04 2.397008298E-06
 4.368961120E+02 2.237380585E-01 2.917020458E+03 1.608059545E+05 2.061493274E+03 3.129598872E+00 3.871196086E-01 3.339500292E-01 1.136453434E-02 2.673466094E-01 1.848467361E-04 1.695648552E-06
 4.515029954E+02 2.074206489E-01 2.939340994E+03 1.467327114E+05 2.028966096E+03 3.177208711E+00 3.856710707E-01 3.362260332E-01 1.147153607E-02 2.664684111E-01 1.356175615E-04 8.776154605E-07
 4.665480853E+02 1.922717903E-01 2.961230512E+03 1.338410512E+05 1.996363233E+03 3.225749225E+00 3.839791580E-01 3.388844050E-01 1.159518036E-02 2.654049975E-01 1.125885466E-04 6.433192350E-07
 4.820445278E+02 1.782155335E-01 2.982644023E+03 1.220640634E+05 1.964173430E+03 3.274487840E+00 3.822661926E-01 3.415758478E-01 1.172026800E-02 2.643236542E-01 9.355340225E-05 5.089773638E-07
 4.980058637E+02 1.651797007E-01 3.003574386E+03 1.113173148E+05 1.932526789E+03 3.323228066E+00 3.805819881E-01 3.442220981E-01 1.184340091E-02 2.632620965E-01 7.333585587E-05 3.535562880E-07
 5.144460396E+02 1.530952716E-01 3.024031315E+03 1.015145554E+05 1.901418454E+03 3.371967623E+00 3.789262818E-01 3.468235688E-01 1.196460291E-02 2.622202114E-01 5.188630061E-05 1.748604547E-07
 5.313794208E+02 1.418952628E-01 3.044065034E+03 9.255674813E+04 1.870417859E+03 3.421448060E+00 3.770158225E-01 3.498252950E-01 1.210341076E-02 2.610030060E-01 4.109726589E-05 1.086929168E-07
 5.488208034E+02 1.315201006E-01 3.063644736E+03 8.438911378E+04 1.839852018E+03 3.471173781E+00 3.750372225E-01 3.529340781E-01 1.224687563E-02 2.597377276E-01 3.424959585E-05 8.793900664E-08
 5.667854275E+02 1.219081771E-01 3.082774868E+03 7.694536848E+04 1.809824919E+03 3.520926966E+00 3.730935221E-01 3.559880255E-01 1.238789708E-02 2.584953553E-01 2.697312291E-05 6.384899061E-08
 5.852889903E+02 1.130068164E-01 3.101469042E+03 7.016113768E+04 1.780268954E+03 3.570771101E+00 3.711803484E-01 3.589940079E-01 1.252679578E-02 2.572731158E-01 1.923166413E-05 3.600498748E-08
 6.043476600E+02 1.047536697E-01 3.119720571E+03 6.398389760E+04 1.751489096E+03 3.620498264E+00 3.691872234E-01 3.621256059E-01 1.267126424E-02 2.559978182E-01 1.302709765E-05 1.370693906E-08
 6.239780898E+02 9.709543947E-02 3.137608712E+03 5.834309876E+04 1.723098196E+03 3.670733155E+00 3.669158510E-01 3.656943791E-01 1.283522846E-02 2.545389947E-01 1.110422797E-05 1.163620582E-08
 6.445611475E+02 8.987035184E-02 3.155415544E+03 5.310848453E+04 1.694653958E+03 3.721999231E+00 3.646402482E-01 3.692697983E-01 1.299954017E-02 2.530776264E-01 9.015887656E-06 9.163295911E-09
 6.651442052E+02 8.336232953E-02 3.172336286E+03 4.847145181E+04 1.667555104E+03 3.771849434E+00 3.624723151E-01 3.726760465E-01 1.315611975E-02 2.516855757E-01 6.863637362E-06 6.381290800E-09
 6.857272629E+02 7.748839306E-02 3.188431748E+03 4.435370593E+04 1.641785765E+03 3.820280441E+00 3.604107795E-01 3.759151229E-01 1.330505630E-02 2.503620142E-01 4.656873983E-06 3.290888729E-09
 7.063103206E+02 7.218009209E-02 3.203764149E+03 4.068601397E+04 1.617169506E+03 3.867615394E+00 3.582677188E-01 3.792822893E-01 1.345972968E-02 2.489853774E-01 3.054691307E-06 1.064063596E-09
 7.268933784E+02 6.734441478E-02 3.218472269E+03 3.739076719E+04 1.593357481E+03 3.914419340E+00 3.558749756E-01 3.830417528E-01 1.363211106E-02 2.474468754E-01 2.656853728E-06 9.323695494E-10
 7.474764361E+02 6.291662002E-02 3.232638790E+03 3.441449138E+04 1.569112366E+03 3.961543659E+00 3.534387340E-01 3.868695603E-01 1.380764216E-02 2.458804417E-01 2.216693963E-06 7.719327226E-10
 7.680594938E+02 5.883499090E-02 3.246378853E+03 3.170490606E+04 1.545455375E+03 4.008443187E+00 3.510616044E-01 3.906044911E-01 1.397892841E-02 2.443520491E-01 1.755376791E-06 5.894505130E-10
 7.886425515E+02 5.502686405E-02 3.259819897E+03 2.921673147E+04 1.522595377E+03 4.054989123E+00 3.487645720E-01 3.942135735E-01 1.414445679E-02 2.428751886E-01 1.278596264E-06 3.862785766E-10
 8.092256092E+02 5.136149090E-02 3.273338719E+03 2.686931076E+04 1.500281021E+03 4.101925304E+00 3.465223779E-01 3.977364941E-01 1.430604719E-02 2.414336197E-01 7.814185252E-07 1.587311000E-10
 8.298086669E+02 4.779513976E-02 3.287192581E+03 2.461902935E+04 1.477379538E+03 4.151339419E+00 3.438511313E-01 4.019335381E-01 1.449842828E-02 2.397158527E-01 5.178144556E-07 4.762348855E-11
 8.503917246E+02 4.421396348E-02 3.301902300E+03 2.239298285E+04 1.452697851E+03 4.205602656E+00 3.406847593E-01 4.069085187E-01 1.472637581E-02 2.376794420E-01 4.405942293E-07 4.119085408E-11
 8.709747823E+02 4.059505871E-02 3.317687903E+03 2.017913791E+04 1.425643315E+03 4.265964045E+00 3.372139843E-01 4.123617749E-01 1.497624378E-02 2.354472670E-01 3.479769945E-07 3.258530931E-11
 8.915578400E+02 3.715325118E-02 3.333607801E+03 1.811496277E+04 1.398239852E+03 4.328591851E+00 3.336984515E-01 4.178853539E-01 1.522934101E-02 2.331863162E-01 2.453310093E-07 2.201532512E-11
 9.121408977E+02 3.493242418E-02 3.344204146E+03 1.680711658E+04 1.380162986E+03 4.371204190E+00 3.313794111E-01 4.215290129E-01 1.539630208E-02 2.316948731E-01 1.724447795E-07 1.387655618E-11
 9.327239555E+02 3.653090467E-02 3.336096328E+03 1.775384501E+04 1.393753224E+03 4.338883017E+00 3.331228711E-01 4.187897015E-01 1.527077981E-02 2.328161429E-01 2.278584102E-07 2.012642212E-11
 9.533070132E+02 4.655848346E-02 3.289327074E+03 2.402787565E+04 1.479990204E+03 4.150226666E+00 3.441860314E-01 4.014073462E-01 1.447431075E-02 2.399312300E-01 5.347356085E-07 4.992654482E-11
 9.738900709E+02 8.157359462E-02 3.167586372E+03 4.840634048E+04 1.701649587E+03 3.728825994E+00 3.651992476E-01 3.683915071E-01 1.295897731E-02 2.534359884E-01 1.011322930E-05 1.101218348E-08
 9.944731286E+02 1.326919174E-01 3.052005822E+03 8.718519211E+04 1.883880481E+03 3.418506989E+00 3.778860311E-01 3.484580324E-01 1.203987884E-02 2.615572713E-01 4.618343301E-05 1.289303009E-07
 1.015056186E+03 1.778186334E-01 2.971403443E+03 1.235224516E+05 1.992090222E+03 3.240298477E+00 3.837503713E-01 3.392438934E-01 1.161135009E-02 2.652563955E-01 1.139173608E-04 6.701865989E-07
 1.035639244E+03 1.855330473E-01 2.958949298E+03 1.298347832E+05 2.006280173E+03 3.215568175E+00 3.845056683E-01 3.380571548E-01 1.155628212E-02 2.657339063E-01 1.216490947E-04 7.210706619E-07

