# Exit profile RAO nozzle / chemical equilibrium / Kerosene conditions
# Columns:
# 1: Radius [mm]
# 2: Density [kg/m3]
# 3: axial velocity [m/s]
# 4: radial velocity [m/s]
# 5: pressure [Pa]
# 6: dynamic turbulent eddy viscosity [Pa s]
# 7: temperature [K]
# 8: Mach number [1]
# 9-14: Mass fractions of major species: CO, CO2, H2, H2O, OH, O2
 4.624978320E+02 6.500956145E-01 0.000000000E+00 0.000000000E+00 1.133421328E+05 0.000000000E+00 5.000000000E+02 0.000000000E+00 3.487426351E-02 8.873954254E-01 3.673619418E-02 4.099401430E-02 1.044045350E-27 3.199880000E-32
 4.624964445E+02 5.772803289E-01 1.165717591E+02 2.049904384E+01 1.133404794E+05 2.881409964E-08 5.632927176E+02 2.451605350E-01 6.291981639E-02 8.433304595E-01 3.471773410E-02 5.903186684E-02 3.273528548E-22 3.199880000E-32
 4.624947101E+02 5.143150550E-01 2.485449813E+02 4.369335072E+01 1.133395619E+05 4.192423761E-07 6.319602738E+02 4.953577298E-01 9.551147289E-02 7.921226965E-01 3.237208777E-02 7.999360351E-02 3.608770271E-19 1.856859312E-31
 4.624925422E+02 4.605529881E-01 3.948678445E+02 6.941160800E+01 1.133418413E+05 2.030836623E-06 7.061823070E+02 7.442249718E-01 1.330377026E-01 7.331617820E-01 2.967129701E-02 1.041290735E-01 3.128700320E-18 2.887067079E-30
 4.624898322E+02 4.144450752E-01 5.499626481E+02 9.666824563E+01 1.133420519E+05 6.335267070E-06 7.844000056E+02 9.816122906E-01 1.697556431E-01 6.754708509E-01 2.702867971E-02 1.277446819E-01 1.346492460E-15 3.207066013E-26
 4.624864448E+02 3.770122289E-01 7.035726336E+02 1.236606139E+02 1.133404963E+05 1.596095746E-05 8.621191613E+02 1.194725041E+00 2.034920360E-01 6.224645063E-01 2.460064672E-02 1.494426703E-01 7.728741278E-14 1.055777916E-22
 4.624822105E+02 3.482600767E-01 8.429156056E+02 1.481461956E+02 1.133363801E+05 3.612470934E-05 9.332643474E+02 1.372176482E+00 2.296448532E-01 5.813734166E-01 2.271840936E-02 1.662631859E-01 4.193635892E-13 6.155699668E-22
 4.624769176E+02 3.275062346E-01 9.581607111E+02 1.683958260E+02 1.133303416E+05 7.612584822E-05 9.926163475E+02 1.509562815E+00 2.492732427E-01 5.505334537E-01 2.130573976E-02 1.788874333E-01 8.962591553E-12 3.475273898E-19
 4.624703016E+02 3.127950665E-01 1.048531050E+03 1.842734615E+02 1.133254422E+05 1.455361340E-04 1.039220488E+03 1.612302136E+00 2.625813656E-01 5.296238419E-01 2.034794433E-02 1.874467210E-01 2.412800512E-11 9.977122581E-19
 4.624620314E+02 3.021049832E-01 1.120344579E+03 1.968884596E+02 1.133239459E+05 2.468272697E-04 1.075996923E+03 1.691250430E+00 2.730831216E-01 5.131235703E-01 1.959212518E-02 1.942010584E-01 3.656123491E-11 1.550919293E-18
 4.624516938E+02 2.937047324E-01 1.180673299E+03 2.074848526E+02 1.133238005E+05 3.756178157E-04 1.106492816E+03 1.756225740E+00 2.808068777E-01 5.009880690E-01 1.903624027E-02 1.991686898E-01 1.849624367E-10 9.626408747E-17
 4.624387718E+02 2.868871259E-01 1.234513059E+03 2.169403478E+02 1.133230881E+05 5.286323637E-04 1.133236773E+03 1.813721807E+00 2.866329351E-01 4.918342163E-01 1.861693371E-02 2.029157921E-01 4.524705498E-10 2.762618846E-16
 4.624226192E+02 2.808107141E-01 1.284901077E+03 2.257866185E+02 1.133212379E+05 7.064966804E-04 1.157769705E+03 1.866785156E+00 2.919773298E-01 4.834371477E-01 1.823229283E-02 2.063531071E-01 7.033639912E-10 4.488248629E-16
 4.624024285E+02 2.751778100E-01 1.333584433E+03 2.343299685E+02 1.133178687E+05 9.153609919E-04 1.180968413E+03 1.917417175E+00 2.970310697E-01 4.754967537E-01 1.786857061E-02 2.096034837E-01 9.456324330E-10 6.190021330E-16
 4.623771902E+02 2.700586449E-01 1.381513148E+03 2.427375648E+02 1.133128099E+05 1.165468931E-03 1.203293401E+03 1.966982605E+00 3.018944733E-01 4.678554144E-01 1.751854706E-02 2.127314430E-01 1.182868718E-09 7.884141063E-16
 4.623456422E+02 2.653483911E-01 1.429196712E+03 2.510985739E+02 1.133060497E+05 1.468835919E-03 1.224972007E+03 2.016116557E+00 3.064920042E-01 4.606318120E-01 1.718765800E-02 2.156884027E-01 1.792630692E-09 3.584940971E-15
 4.623062073E+02 2.609029518E-01 1.476922842E+03 2.594620692E+02 1.132972936E+05 1.839348015E-03 1.246106059E+03 2.065357272E+00 3.100065274E-01 4.551098222E-01 1.693470946E-02 2.179488092E-01 5.328447771E-09 2.706770449E-14
 4.622569136E+02 2.565091057E-01 1.524878771E+03 2.678562836E+02 1.132868026E+05 2.292252112E-03 1.266748785E+03 2.114353015E+00 3.134393446E-01 4.497162082E-01 1.668764140E-02 2.201566653E-01 8.843129280E-09 5.082516512E-14
 4.621952965E+02 2.524043539E-01 1.573176428E+03 2.762997223E+02 1.132724919E+05 2.848921220E-03 1.286953063E+03 2.163610081E+00 3.167992493E-01 4.444371537E-01 1.644582093E-02 2.223176270E-01 1.233770339E-08 7.482123973E-14
 4.621182752E+02 2.485627657E-01 1.621880066E+03 2.848045762E+02 1.132547450E+05 3.532555377E-03 1.306725938E+03 2.213225158E+00 3.200874130E-01 4.392708179E-01 1.620916374E-02 2.244324476E-01 1.580764473E-08 9.898602633E-14
 4.620219985E+02 2.449560189E-01 1.671050055E+03 2.933761283E+02 1.132322930E+05 4.370087598E-03 1.326085240E+03 2.263275650E+00 3.233068011E-01 4.342125419E-01 1.597745644E-02 2.265030342E-01 1.925104536E-08 1.232725481E-13
 4.619016526E+02 2.415338570E-01 1.720755786E+03 3.020231758E+02 1.132034201E+05 5.391476183E-03 1.345057255E+03 2.313802676E+00 3.264617844E-01 4.292554581E-01 1.575038444E-02 2.285321982E-01 2.266984474E-08 1.476823682E-13
 4.617512202E+02 2.380564658E-01 1.771117128E+03 3.107491842E+02 1.131696342E+05 6.623733697E-03 1.363683787E+03 2.364655654E+00 3.292658115E-01 4.248497937E-01 1.554856237E-02 2.303356277E-01 3.792750395E-08 7.613475952E-13
 4.615631798E+02 2.347380412E-01 1.822286399E+03 3.195700294E+02 1.131245338E+05 8.103601560E-03 1.382071700E+03 2.416424037E+00 3.316247687E-01 4.211434190E-01 1.537876015E-02 2.318527873E-01 6.982359850E-08 2.217173647E-12
 4.613281293E+02 2.315536599E-01 1.874446568E+03 3.285221233E+02 1.130680427E+05 9.859909897E-03 1.400303725E+03 2.469118254E+00 3.339637267E-01 4.174684667E-01 1.521039716E-02 2.333570841E-01 1.018764150E-07 3.700125778E-12
 4.610343161E+02 2.284734762E-01 1.927853958E+03 3.376366334E+02 1.129977151E+05 1.191332433E-02 1.418483311E+03 2.522973644E+00 3.362959573E-01 4.138040847E-01 1.504251809E-02 2.348570537E-01 1.342503218E-07 5.216977484E-12
 4.606670496E+02 2.254594381E-01 1.982847537E+03 3.469534569E+02 1.129095551E+05 1.426998613E-02 1.436772434E+03 2.578270462E+00 3.386422399E-01 4.101176243E-01 1.487362720E-02 2.363660604E-01 1.672279262E-07 6.780672356E-12
 4.602079665E+02 2.224056540E-01 2.039864094E+03 3.565225370E+02 1.127985497E+05 1.691053083E-02 1.455377821E+03 2.635225400E+00 3.410290950E-01 4.063674166E-01 1.470181542E-02 2.379011607E-01 2.012340884E-07 8.414491257E-12
 4.596341127E+02 2.191698376E-01 2.099475222E+03 3.663592277E+02 1.126674750E+05 1.978179068E-02 1.474530710E+03 2.694039119E+00 3.434861876E-01 4.025068525E-01 1.452494729E-02 2.394814334E-01 2.368255538E-07 1.015389148E-11
 4.589167953E+02 2.157913431E-01 2.162388664E+03 3.765436442E+02 1.124901818E+05 2.280746347E-02 1.494931001E+03 2.755330598E+00 3.459864513E-01 3.985784578E-01 1.434495321E-02 2.410894245E-01 3.176168376E-07 2.316858208E-11
 4.580201487E+02 2.122485619E-01 2.229415992E+03 3.872145626E+02 1.122694253E+05 2.586014636E-02 1.516941888E+03 2.819889998E+00 3.481981795E-01 3.951034066E-01 1.418565134E-02 2.425116443E-01 5.836343554E-07 8.461960897E-11
 4.568993404E+02 2.084467807E-01 2.301557581E+03 3.984759333E+02 1.119849287E+05 2.873873771E-02 1.541232459E+03 2.888063289E+00 3.506389752E-01 3.912684460E-01 1.400984842E-02 2.440811575E-01 8.821454811E-07 1.547236985E-10
 4.554983300E+02 2.041558895E-01 2.379990777E+03 4.103803410E+02 1.116314286E+05 3.113215881E-02 1.568768713E+03 2.959896786E+00 3.534059032E-01 3.869210689E-01 1.381055211E-02 2.458603774E-01 1.227268059E-06 2.373510315E-10
 4.537470670E+02 1.991407236E-01 2.466178167E+03 4.230120313E+02 1.111597842E+05 3.260648201E-02 1.600749132E+03 3.035648761E+00 3.566193882E-01 3.818720648E-01 1.357908669E-02 2.479267369E-01 1.637802160E-06 3.379880457E-10
 4.515579882E+02 1.933128501E-01 2.561641195E+03 4.366900355E+02 1.105151019E+05 3.260021912E-02 1.639860221E+03 3.115148572E+00 3.602604769E-01 3.761512108E-01 1.331664893E-02 2.502672859E-01 2.830744930E-06 1.211715764E-09
 4.488216398E+02 1.863173459E-01 2.667598635E+03 4.515216634E+02 1.096872668E+05 3.031367784E-02 1.688510669E+03 3.196846230E+00 3.641521672E-01 3.700366082E-01 1.303572885E-02 2.527670356E-01 5.888213232E-06 4.076214023E-09
 4.454012042E+02 1.778133491E-01 2.784054394E+03 4.672999933E+02 1.085763728E+05 2.466641233E-02 1.751632601E+03 3.275920604E+00 3.692014213E-01 3.621032482E-01 1.267120707E-02 2.560101516E-01 1.001672592E-05 8.100205461E-09
 4.411256598E+02 1.669292466E-01 2.905726575E+03 4.841958275E+02 1.069730828E+05 1.330202920E-02 1.837573066E+03 3.339398588E+00 3.748925248E-01 3.531613979E-01 1.225822363E-02 2.596493453E-01 2.986377841E-05 6.770542274E-08
 4.357812293E+02 1.584544273E-01 2.970554398E+03 4.906120057E+02 1.054991056E+05 1.251855416E-03 1.909213126E+03 3.350610294E+00 3.793415146E-01 3.461711468E-01 1.193427122E-02 2.624818124E-01 5.697658400E-05 2.188695950E-07
 4.291006911E+02 1.548804256E-01 2.980147783E+03 4.863808259E+02 1.029754419E+05 1.323928711E-14 1.906286132E+03 3.362798985E+00 3.791853581E-01 3.464165044E-01 1.194562504E-02 2.623831089E-01 5.536351857E-05 2.047734422E-07
 4.207500184E+02 1.513947008E-01 2.987660067E+03 4.812009988E+02 1.001779664E+05 1.421163482E-14 1.897958675E+03 3.377450533E+00 3.787420693E-01 3.471130065E-01 1.197808543E-02 2.621043350E-01 4.946142825E-05 1.536144490E-07
 4.114000179E+02 1.476328145E-01 2.995780840E+03 4.748168233E+02 9.718855855E+04 9.270852157E-15 1.888181597E+03 3.393713112E+00 3.781656760E-01 3.480186409E-01 1.202005784E-02 2.617384846E-01 4.491963511E-05 1.196451870E-07
 4.020500175E+02 1.439991647E-01 3.003424068E+03 4.677059318E+02 9.430801551E+04 8.139318657E-15 1.877802201E+03 3.409859110E+00 3.774937893E-01 3.490743120E-01 1.206875151E-02 2.613086633E-01 4.274574099E-05 1.135911535E-07
 3.927000171E+02 1.404910162E-01 3.011202550E+03 4.600115558E+02 9.149692422E+04 7.632978146E-15 1.867820851E+03 3.426209285E+00 3.768476684E-01 3.500894998E-01 1.211558540E-02 2.608953778E-01 4.060582700E-05 1.074214226E-07
 3.833500167E+02 1.372011180E-01 3.018689122E+03 4.521469572E+02 8.886872748E+04 7.084823648E-15 1.858217685E+03 3.442018804E+00 3.762260329E-01 3.510662157E-01 1.216065350E-02 2.604978140E-01 3.849114768E-05 1.011353933E-07
 3.740000163E+02 1.340062104E-01 3.026024113E+03 4.435691611E+02 8.640175309E+04 6.530980744E-15 1.848792139E+03 3.457028716E+00 3.756158907E-01 3.520248732E-01 1.220489430E-02 2.601076449E-01 3.637422256E-05 9.471958066E-08
 3.646500159E+02 1.309251749E-01 3.033456541E+03 4.339809947E+02 8.400070847E+04 6.017544348E-15 1.839798284E+03 3.472050837E+00 3.750336904E-01 3.529396283E-01 1.224711541E-02 2.597353896E-01 3.431154993E-05 8.827867999E-08
 3.553000155E+02 1.280404303E-01 3.040737831E+03 4.238865508E+02 8.171619743E+04 5.571027760E-15 1.831121097E+03 3.486983472E+00 3.744719976E-01 3.538221618E-01 1.228785874E-02 2.593763068E-01 3.226544327E-05 8.168219259E-08
 3.459500151E+02 1.253177857E-01 3.047605846E+03 4.132392020E+02 7.963451986E+04 5.177720896E-15 1.822546740E+03 3.500813909E+00 3.739169653E-01 3.546942301E-01 1.232812685E-02 2.590215341E-01 3.019477016E-05 7.487241041E-08
 3.366000147E+02 1.226891817E-01 3.054429606E+03 4.016966871E+02 7.762611797E+04 4.816700393E-15 1.814189843E+03 3.514467748E+00 3.733760106E-01 3.555441794E-01 1.236738049E-02 2.586758069E-01 2.813271977E-05 6.791858259E-08
 3.272500143E+02 1.201636524E-01 3.061252570E+03 3.893691930E+02 7.567664230E+04 4.486305655E-15 1.806143336E+03 3.528123393E+00 3.728551491E-01 3.563625583E-01 1.240518267E-02 2.583429663E-01 2.610528091E-05 6.090842758E-08
 3.179000139E+02 1.177987232E-01 3.067903928E+03 3.766791152E+02 7.381354050E+04 4.192603053E-15 1.798126967E+03 3.541902687E+00 3.723362543E-01 3.571778469E-01 1.244285231E-02 2.580114432E-01 2.402878348E-05 5.354545207E-08
 3.085500135E+02 1.155217477E-01 3.074186357E+03 3.635138244E+02 7.212068126E+04 3.919179695E-15 1.790541936E+03 3.554202017E+00 3.718452673E-01 3.579492866E-01 1.247849876E-02 2.576977778E-01 2.203845105E-05 4.638033528E-08
 2.992000131E+02 1.133092039E-01 3.080533706E+03 3.495224883E+02 7.047772053E+04 3.664624173E-15 1.783527539E+03 3.566255916E+00 3.713912068E-01 3.586627074E-01 1.251146715E-02 2.574077299E-01 2.017263797E-05 3.951968663E-08
 2.898500126E+02 1.112178713E-01 3.086813963E+03 3.346772696E+02 6.888263574E+04 3.437796632E-15 1.776191852E+03 3.578807927E+00 3.709163729E-01 3.594087672E-01 1.254595485E-02 2.571044729E-01 1.816461881E-05 3.197797557E-08
 2.805000122E+02 1.092170748E-01 3.092959778E+03 3.191941953E+02 6.735559183E+04 3.226699282E-15 1.769487859E+03 3.590879359E+00 3.704824188E-01 3.600905966E-01 1.257747655E-02 2.568273520E-01 1.630371130E-05 2.485217094E-08
 2.711500118E+02 1.073353536E-01 3.098726726E+03 3.031249252E+02 6.596737572E+04 3.038924054E-15 1.763007347E+03 3.601926991E+00 3.700629309E-01 3.607496966E-01 1.260795231E-02 2.565595028E-01 1.447341633E-05 1.772581043E-08
 2.618000114E+02 1.055493567E-01 3.104282655E+03 2.862170159E+02 6.464491666E+04 2.870092340E-15 1.756338962E+03 3.612972415E+00 3.695752024E-01 3.615160149E-01 1.264324988E-02 2.562469826E-01 1.337530170E-05 1.409805754E-08
 2.524500110E+02 1.038318612E-01 3.109777279E+03 2.684919189E+02 6.336908363E+04 2.713723855E-15 1.750072018E+03 3.623839295E+00 3.690738216E-01 3.623037828E-01 1.267943895E-02 2.559249455E-01 1.296745586E-05 1.368088720E-08
 2.431000106E+02 1.021988535E-01 3.115096638E+03 2.500820565E+02 6.214511143E+04 2.571136157E-15 1.744064700E+03 3.634513159E+00 3.685932139E-01 3.630589122E-01 1.271413051E-02 2.556162585E-01 1.256939782E-05 1.326288988E-08
 2.337500102E+02 1.006481020E-01 3.120248723E+03 2.311989217E+02 6.097903519E+04 2.439777213E-15 1.738496121E+03 3.644833799E+00 3.681477058E-01 3.637588932E-01 1.274628921E-02 2.553301191E-01 1.219700979E-05 1.286537407E-08
 2.244000098E+02 9.919810433E-02 3.124999849E+03 2.119001967E+02 5.992480418E+04 2.322683597E-15 1.732962397E+03 3.654333439E+00 3.677049897E-01 3.644544872E-01 1.277824864E-02 2.550457816E-01 1.181875715E-05 1.245607127E-08
 2.150500094E+02 9.780087053E-02 3.129520184E+03 1.919649763E+02 5.891758537E+04 2.213329799E-15 1.727651289E+03 3.663438475E+00 3.672800836E-01 3.651220983E-01 1.280892339E-02 2.547728872E-01 1.145149125E-05 1.205266829E-08
 2.057000090E+02 9.647483225E-02 3.133857357E+03 1.713399084E+02 5.794924520E+04 2.112839904E-15 1.722426603E+03 3.672510157E+00 3.668620953E-01 3.657788401E-01 1.283910097E-02 2.545044442E-01 1.108227530E-05 1.163604315E-08
 1.963500086E+02 9.519623181E-02 3.138064516E+03 1.500403367E+02 5.701156256E+04 2.018610230E-15 1.717443044E+03 3.681454119E+00 3.664633979E-01 3.664052721E-01 1.286788675E-02 2.542483945E-01 1.072614825E-05 1.122746533E-08
 1.870000082E+02 9.396016015E-02 3.142108352E+03 1.281210831E+02 5.610215131E+04 1.930351515E-15 1.712707722E+03 3.690234477E+00 3.660845596E-01 3.670005016E-01 1.289523945E-02 2.540051021E-01 1.038452398E-05 1.082971883E-08
 1.776500078E+02 9.278579953E-02 3.145862080E+03 1.057913770E+02 5.523914095E+04 1.848947321E-15 1.708404941E+03 3.698515443E+00 3.657403233E-01 3.675413645E-01 1.292009389E-02 2.537840325E-01 1.007299519E-05 1.046345556E-08
 1.683000073E+02 9.169541081E-02 3.149119581E+03 8.312284406E+01 5.447034050E+04 1.776115542E-15 1.704193284E+03 3.705867357E+00 3.654033792E-01 3.680707700E-01 1.294442315E-02 2.535676512E-01 9.763197742E-06 1.009656539E-08
 1.589500069E+02 9.069219376E-02 3.152038074E+03 6.002689762E+01 5.374926915E+04 1.711497154E-15 1.699782708E+03 3.713245476E+00 3.650505298E-01 3.686251656E-01 1.296990428E-02 2.533410672E-01 9.427870303E-06 9.687522526E-09
 1.496000065E+02 8.976402656E-02 3.154673036E+03 3.644986071E+01 5.308164185E+04 1.652560933E-15 1.695783515E+03 3.720144536E+00 3.647305909E-01 3.691278523E-01 1.299300926E-02 2.531356194E-01 9.121532768E-06 9.309493836E-09
 1.402500061E+02 8.887824063E-02 3.157036369E+03 1.235477108E+01 5.245920147E+04 1.596795155E-15 1.692532914E+03 3.726207204E+00 3.644705324E-01 3.695364555E-01 1.301178819E-02 2.529686190E-01 8.876732309E-06 9.008885052E-09
 1.309000057E+02 8.804789616E-02 3.159058896E+03 -1.232437889E+01 5.188284816E+04 1.545747867E-15 1.689812486E+03 3.731587310E+00 3.642528841E-01 3.698784237E-01 1.302750358E-02 2.528288504E-01 8.674340950E-06 8.760741552E-09
 1.215500053E+02 8.730162240E-02 3.160673917E+03 -3.763555179E+01 5.135342879E+04 1.501833345E-15 1.687078526E+03 3.736796136E+00 3.640341590E-01 3.702220838E-01 1.304329871E-02 2.526883968E-01 8.464816272E-06 8.497554818E-09
 1.122000049E+02 8.666053577E-02 3.161798672E+03 -6.345737774E+01 5.088071133E+04 1.465888288E-15 1.684199843E+03 3.741874355E+00 3.638038649E-01 3.705839210E-01 1.305993221E-02 2.525405235E-01 8.235522815E-06 8.201746622E-09
 1.028500045E+02 8.612778392E-02 3.162354075E+03 -8.981810598E+01 5.048477479E+04 1.436195291E-15 1.681743280E+03 3.746104567E+00 3.636073414E-01 3.708926980E-01 1.307412713E-02 2.524143365E-01 8.037881485E-06 7.944349249E-09
 9.350000408E+01 8.572003799E-02 3.162305331E+03 -1.161778504E+02 5.019646899E+04 1.412313579E-15 1.680379573E+03 3.748675744E+00 3.634982389E-01 3.710641195E-01 1.308200592E-02 2.523442774E-01 7.932721531E-06 7.809803220E-09
 8.415000367E+01 8.548953579E-02 3.161541687E+03 -1.421626819E+02 5.006135672E+04 1.397776029E-15 1.680530392E+03 3.748926048E+00 3.635102879E-01 3.710451883E-01 1.308113124E-02 2.523520012E-01 7.956925684E-06 7.849046520E-09
 7.480000326E+01 8.549288806E-02 3.159820915E+03 -1.681927798E+02 5.009117363E+04 1.398120555E-15 1.681467287E+03 3.747374961E+00 3.635852264E-01 3.709274454E-01 1.307571498E-02 2.524001086E-01 8.041982733E-06 7.966431786E-09
 6.545000286E+01 8.576703029E-02 3.157071052E+03 -1.950257722E+02 5.031068091E+04 1.414832293E-15 1.683243010E+03 3.743923788E+00 3.637272761E-01 3.707042575E-01 1.306545270E-02 2.524913120E-01 8.190631711E-06 8.164331346E-09
 5.610000245E+01 8.643170094E-02 3.152902740E+03 -2.235477436E+02 5.081143594E+04 1.454835583E-15 1.686483470E+03 3.737517928E+00 3.639865086E-01 3.702969524E-01 1.304672774E-02 2.526577625E-01 8.452841624E-06 8.506676277E-09
 4.675000204E+01 8.795846498E-02 3.145990016E+03 -2.532585729E+02 5.194711055E+04 1.547741360E-15 1.693641555E+03 3.724000258E+00 3.645591511E-01 3.693972188E-01 1.300536730E-02 2.530254609E-01 9.022164445E-06 9.237496405E-09
 3.740000163E+01 9.198029054E-02 3.132648014E+03 -2.745751886E+02 5.489187244E+04 1.807943120E-15 1.712221952E+03 3.690842183E+00 3.660455843E-01 3.670617408E-01 1.289801882E-02 2.539799626E-01 1.045213296E-05 1.100268684E-08
 2.805000122E+01 1.011608937E-01 3.107224166E+03 -2.664562381E+02 6.181673089E+04 2.509155156E-15 1.753124082E+03 3.617912389E+00 3.693177981E-01 3.619204502E-01 1.266175716E-02 2.560814127E-01 1.339059829E-05 1.435791809E-08
 1.870000082E+01 1.244698958E-01 3.051144540E+03 -1.758465627E+02 8.025838657E+04 5.107666846E-15 1.849049432E+03 3.454505409E+00 3.756316115E-01 3.520001809E-01 1.220345711E-02 2.601162278E-01 3.780447547E-05 1.021555975E-07
 9.350000408E+00 1.644861161E-01 2.986325432E+03 -4.117418104E+01 1.122413983E+05 1.378483109E-14 1.956881419E+03 3.284837791E+00 3.818767565E-01 3.421877480E-01 1.174830148E-02 2.640749927E-01 9.184681553E-05 5.056940106E-07
 0.000000000E+00 1.855330473E-01 2.958949298E+03 0.000000000E+00 1.298347832E+05 2.083957986E-14 2.006280173E+03 3.215568175E+00 3.845056683E-01 3.380571548E-01 1.155628212E-02 2.657339063E-01 1.216490947E-04 7.210706619E-07
 
