-122.6382575	166.4228875
-121.6614805	165.4538291
-120.6770466	164.4925501
-119.6850175	163.5391112
-118.6854558	162.5935722
-117.6784244	161.6559928
-116.6639867	160.7264318
-115.6422064	159.8049479
-114.613148	158.891599
-113.5768761	157.9864426
-112.5334561	157.0895357
-111.4829535	156.2009347
-110.4254344	155.3206955
-109.3609656	154.4488736
-108.2896138	153.5855238
-107.2114466	152.7307004
-106.1265318	151.8844573
-105.0349378	151.0468477
-103.9367331	150.2179244
-102.8319869	149.3977394
-101.7207688	148.5863444
-100.6031487	147.7837906
-99.47919686	146.9901283
-98.34898412	146.2054076
-97.21258157	145.4296778
-96.07006074	144.6629877
-94.92149353	143.9053857
-93.76695224	143.1569193
-92.60650952	142.4176358
-91.4402384	141.6875816
-90.26821231	140.9668026
-89.09050498	140.2553443
-87.90719055	139.5532514
-86.7183435	138.8605681
-85.52403864	138.177338
-84.32435114	137.5036041
-83.1193565	136.8394088
-81.90913057	136.1847939
-80.69374952	135.5398006
-79.47328982	134.9044695
-78.24782831	134.2788406
-77.0174421	133.6629532
-75.78220863	133.0568462
-74.54220564	132.4605576
-73.29751118	131.874125
-72.04820359	131.2975853
-70.79436148	130.7309748
-69.53606378	130.1743292
-68.27338967	129.6276835
-67.00641864	129.091072
-65.73523041	128.5645286
-64.45990499	128.0480864
-63.18052265	127.5417779
-61.89716391	127.0456349
-60.60990953	126.5596888
-59.31884055	126.0839701
-58.0240382	125.6185086
-56.72558398	125.1633338
-55.42355962	124.7184742
-54.11804706	124.2839579
-52.80912846	123.8598122
-51.4968862	123.4460638
-50.18140288	123.0427388
-48.86276128	122.6498625
-47.5410444	122.2674596
-46.21633542	121.8955542
-44.88871772	121.5341698
-43.55827484	121.183329
-42.22509054	120.843054
-40.88924871	120.5133662
-39.55083342	120.1942863
-38.20992892	119.8858344
-36.86661959	119.5880299
-35.52098998	119.3008915
-34.17312479	119.0244374
-32.82310883	118.7586849
-31.47102708	118.5036507
-30.11696464	118.259351
-28.76100672	118.025801
-27.40323866	117.8030155
-26.04374592	117.5910085
-24.68261406	117.3897934
-23.31992875	117.1993828
-21.95577575	117.0197886
-20.59024091	116.8510223
-19.22341018	116.6930943
-17.85536959	116.5460147
-16.48620523	116.4097927
-15.11600328	116.284437
-13.74484996	116.1699552
-12.37283159	116.0663548
-11.0000345	115.9736422
-9.626545105	115.8918232
-8.252449842	115.8209029
-6.877835192	115.760886
-5.502787671	115.711776
-4.127393821	115.6735762
-2.751740204	115.6462889
-1.3759134	115.6299158
2.70E-15	115.624458
0.260854017	115.6252283
0.521698935	115.6275391
0.782525656	115.6313905
1.043325083	115.6367821
1.304088119	115.643714
1.564805669	115.6521857
1.825468639	115.6621971
2.086067937	115.6737477
2.346594474	115.6868372
2.607039163	115.7014651
2.867392918	115.7176309
3.12764666	115.735334
3.387791311	115.7545739
3.647817796	115.7753498
3.907717046	115.797661
4.167479997	115.8215068
4.427097587	115.8468863
4.686560761	115.8737986
4.94586047	115.9022428
5.204987668	115.9322179
5.463933318	115.9637228
5.722688388	115.9967565
5.981243852	116.0313178
6.239590692	116.0674055
6.497719897	116.1050184
6.755622463	116.144155
7.013289396	116.1848141
7.270711707	116.2269943
7.527880418	116.270694
7.784786558	116.3159118
8.041421168	116.362646
8.297775295	116.4108951
8.553839999	116.4606573
8.809606347	116.5119309
9.065065419	116.5647142
9.320208303	116.6190053
9.575026102	116.6748022
9.829509927	116.7321031
10.0836509	116.790906
10.33744016	116.8512088
10.59086885	116.9130093
10.84392814	116.9763055
11.0966092	117.0410951
11.3489032	117.1073759
11.60080136	117.1751456
11.85229489	117.2444018
12.10337502	117.315142
12.35403298	117.3873639
12.60426004	117.4610648
12.85404746	117.5362423
13.10338654	117.6128937
13.35226858	117.6910163
13.60068489	117.7706074
13.84862682	117.8516643
14.09608571	117.934184
14.34305293	118.0181638
14.58951988	118.1036007
14.83547794	118.1904916
15.08091855	118.2788337
15.32583314	118.3686238
15.57021316	118.4598587
15.81405011	118.5525353
16.05733546	118.6466504
16.30006074	118.7422006
16.54221748	118.8391827
16.78379723	118.9375933
17.02479157	119.0374288
17.26519209	119.1386859
17.5049904	119.2413611
17.74417815	119.3454506
17.98274698	119.450951
18.22068858	119.5578584
18.45799465	119.6661693
18.69465691	119.7758797
18.9306671	119.886986
19.166017	119.9994842
19.4006984	120.1133703
19.6347031	120.2286405
19.86802295	120.3452906
20.10064981	120.4633167
20.33257557	120.5827146
20.56379213	120.7034801
20.79429143	120.8256091
21.02406544	120.9490972
21.25310613	121.0739402
21.48140552	121.2001337
21.70895565	121.3276733
21.93574857	121.4565546
22.16177638	121.586773
22.38703119	121.7183241
22.61150516	121.8512031
22.83519044	121.9854056
23.05807923	122.1209268
23.28016377	122.257762
23.5014363	122.3959064
23.72188911	122.5353552
23.9415145	122.6761036
24.16030483	122.8181466
24.37825244	122.9614792
56.81239222	144.2936575
89.42253099	165.471306
122.2086688	186.4944247
155.1708055	207.3630136
188.3089413	228.0770727
221.6230761	248.636602
255.1132098	269.0416015
288.7793426	289.2920711
322.6214744	309.388011
356.6396052	329.3294211
390.8337349	349.1163014
425.2038637	368.7486518
459.7499915	388.2264725
494.4721182	407.5497633
529.370244	426.7185244
564.4443688	445.7327556
599.6944926	464.5924571
635.1206153	483.2976287
670.7227371	501.8482706
706.5008579	520.2443826
742.4549777	538.4859649
778.5850964	556.5730173
814.8912142	574.5055399
851.373331	592.2835327
888.0314467	609.9069958
924.8655615	627.375929
961.8756753	644.6903324
999.0617881	661.850206
1036.4239	678.8555498
1073.962011	695.7063638
1111.67612	712.402648
1149.566229	728.9444024
1187.632337	745.331627
1225.874444	761.5643218
1264.292549	777.6424868
1302.886654	793.566122
1341.656758	809.3352273
1380.602861	824.9498029
1419.724963	840.4098487
1459.023063	855.7153647
1498.497163	870.8663508
1538.147262	885.8628072
1577.97336	900.7047338
1617.975456	915.3921305
1658.153552	929.9249975
1698.507647	944.3033346
1739.037741	958.527142
1779.743834	972.5964195
1820.625925	986.5111672
1861.684016	1000.271385
1902.918106	1013.877073
1944.328195	1027.328232
1985.914282	1040.62486
2027.676369	1053.766959
2069.614455	1066.754528
2111.72854	1079.587567
2154.018624	1092.266076
2196.484706	1104.790056
2239.126788	1117.159505
2281.944869	1129.374425
2324.938949	1141.434815
2368.109027	1153.340676
2411.455105	1165.092006
2454.977182	1176.688807
2498.675258	1188.131078
2542.549333	1199.418819
2586.599406	1210.55203
2630.825479	1221.530712
2675.227551	1232.354863
2719.805622	1243.024485
2764.559691	1253.539577
2809.48976	1263.900139
2854.595828	1274.106172
2899.877895	1284.157675
2945.335961	1294.054647
2990.970025	1303.79709
3036.780089	1313.385004
3082.766152	1322.818387
3128.928214	1332.097241
3175.266274	1341.221565
3221.780334	1350.191359
3268.470393	1359.006623
3315.336451	1367.667357
3362.378508	1376.173562
3409.596563	1384.525237
3456.990618	1392.722382
3504.560672	1400.764997
3552.306725	1408.653082
3600.228777	1416.386638
3648.326827	1423.965664
3696.600877	1431.39016
3745.050926	1438.660126
3793.676974	1445.775562
3842.47902	1452.736469
3891.457066	1459.542846
3940.611111	1466.194693
3989.941155	1472.69201
4039.447198	1479.034797
4089.129239	1485.223055
