# Exit profile RAO nozzle / chemical equilibrium
# Columns:
# 1: Radius [mm]
# 2: Density [kg/m3]
# 3: axial velocity [m/s]
# 4: radial velocity [m/s]
# 5: pressure [Pa]
# 6: dynamic turbulent eddy viscosity [Pa s]
# 7: temperature [K]
# 8: Mach number [1]
# 9-14: Mass fractions of major species: CO, CO2, H2, H2O, OH, O2
 4.624978320E+02 7.373788763E-01 0.000000000E+00 0.000000000E+00 1.274377691E+05 0.000000000E+00 5.000000000E+02 0.000000000E+00 1.578628671E-03 6.070810633E-01 1.360104299E-02 3.777392332E-01 2.947068785E-24 3.199880000E-32
 4.624964445E+02 5.961488519E-01 1.180360769E+02 2.076036780E+01 1.274293472E+05 3.088433043E-08 6.181149055E+02 2.314451038E-01 6.773251638E-03 5.989192987E-01 1.322718145E-02 3.810802207E-01 2.082431709E-18 2.384184391E-30
 4.624947101E+02 5.034020189E-01 2.408264583E+02 4.234142311E+01 1.274246911E+05 3.241891985E-07 7.321169680E+02 4.376980297E-01 1.571055165E-02 5.848770735E-01 1.258395683E-02 3.868283584E-01 2.544620961E-15 7.135231801E-25
 4.624925422E+02 4.355364677E-01 3.714942280E+02 6.531462868E+01 1.274272261E+05 1.287944717E-06 8.459709590E+02 6.313429622E-01 3.004140326E-02 5.623605490E-01 1.155255455E-02 3.960454271E-01 1.793013905E-14 5.416091965E-24
 4.624898322E+02 3.832855237E-01 5.105151079E+02 8.975019658E+01 1.274282487E+05 3.556060818E-06 9.614600417E+02 8.158614246E-01 4.596954551E-02 5.373343790E-01 1.040619429E-02 4.062898136E-01 4.099781734E-12 9.423401156E-20
 4.624864448E+02 3.418386423E-01 6.560375516E+02 1.153257243E+02 1.274287385E+05 8.188242387E-06 1.077894605E+03 9.915824664E-01 6.099382311E-02 5.137283559E-01 9.324885598E-03 4.159528678E-01 2.240176350E-10 1.365167301E-16
 4.624822105E+02 3.092664949E-01 8.036704263E+02 1.412704471E+02 1.274282823E+05 1.719065488E-05 1.191989758E+03 1.156404324E+00 7.391841519E-02 4.934213424E-01 8.394690348E-03 4.242654782E-01 4.608589165E-09 3.616742320E-14
 4.624769176E+02 2.839185784E-01 9.461063934E+02 1.663008769E+02 1.274266136E+05 3.442861063E-05 1.298662124E+03 1.305469077E+00 8.424245980E-02 4.772002878E-01 7.651649238E-03 4.309054796E-01 4.119962830E-08 2.282138718E-12
 4.624703016E+02 2.647285868E-01 1.074539408E+03 1.888696437E+02 1.274228722E+05 6.727238385E-05 1.392270475E+03 1.433069437E+00 9.198624513E-02 4.650333152E-01 7.094297322E-03 4.358858940E-01 1.349278058E-07 9.225299117E-12
 4.624620314E+02 2.507534755E-01 1.182620285E+03 2.078603446E+02 1.274176659E+05 1.272624172E-04 1.469181498E+03 1.536374401E+00 9.718395159E-02 4.568667199E-01 6.720138440E-03 4.392282500E-01 7.152698340E-07 2.501003944E-10
 4.624516938E+02 2.409047900E-01 1.270367927E+03 2.232757775E+02 1.274132816E+05 2.249229732E-04 1.530186260E+03 1.618249012E+00 1.012100527E-01 4.505409414E-01 6.430308385E-03 4.418170946E-01 1.275207543E-06 5.674217871E-10
 4.624387718E+02 2.332541987E-01 1.342805602E+03 2.359985930E+02 1.274110072E+05 3.612882624E-04 1.579317001E+03 1.684339499E+00 1.038344271E-01 4.464175432E-01 6.241299641E-03 4.435025633E-01 3.565493157E-06 4.767644522E-09
 4.624226192E+02 2.273391206E-01 1.405487511E+03 2.470055516E+02 1.274091460E+05 5.328033031E-04 1.620734979E+03 1.741068400E+00 1.060468127E-01 4.429414589E-01 6.081959670E-03 4.449233817E-01 5.548979522E-06 8.505892155E-09
 4.624024285E+02 2.223949621E-01 1.462525553E+03 2.570179028E+02 1.274064706E+05 7.357287336E-04 1.657434820E+03 1.792332912E+00 1.080071717E-01 4.398613569E-01 5.940768969E-03 4.461823044E-01 7.345374675E-06 1.196467134E-08
 4.623771902E+02 2.178203839E-01 1.516588734E+03 2.665020779E+02 1.274026952E+05 9.715924068E-04 1.691273119E+03 1.840401710E+00 1.094823433E-01 4.375435754E-01 5.834481349E-03 4.471238425E-01 1.412601603E-05 5.559703756E-08
 4.623456422E+02 2.137325579E-01 1.569240245E+03 2.757317718E+02 1.273966457E+05 1.249854593E-03 1.723311174E+03 1.887119484E+00 1.108779376E-01 4.353508253E-01 5.733925412E-03 4.480144357E-01 2.068428636E-05 9.865215820E-08
 4.623062073E+02 2.100080192E-01 1.621346618E+03 2.848599658E+02 1.273887107E+05 1.582786472E-03 1.754116603E+03 1.933290250E+00 1.122198519E-01 4.332424171E-01 5.637235701E-03 4.488706598E-01 2.709572426E-05 1.414501052E-07
 4.622569136E+02 2.065720065E-01 1.673394920E+03 2.939704455E+02 1.273780772E+05 1.985658227E-03 1.784002296E+03 1.979364115E+00 1.135212211E-01 4.311977132E-01 5.543466548E-03 4.497008761E-01 3.344079360E-05 1.849686823E-07
 4.621952965E+02 2.031525552E-01 1.725690742E+03 3.031104403E+02 1.273656320E+05 2.473767993E-03 1.813131181E+03 2.025378059E+00 1.145719076E-01 4.295468768E-01 5.467988197E-03 4.503548059E-01 5.359804306E-05 5.671445222E-07
 4.621182752E+02 1.999212850E-01 1.778428228E+03 3.123085636E+02 1.273490736E+05 3.068690276E-03 1.841618098E+03 2.071716822E+00 1.155995209E-01 4.279322932E-01 5.394170600E-03 4.509940320E-01 7.362241717E-05 9.530333846E-07
 4.620219985E+02 1.968883847E-01 1.831728110E+03 3.215879487E+02 1.273279982E+05 3.793238806E-03 1.869555183E+03 2.118542329E+00 1.166073768E-01 4.263487523E-01 5.321775355E-03 4.516206567E-01 9.354247251E-05 1.342576176E-06
 4.619016526E+02 1.940298508E-01 1.885701559E+03 3.309630734E+02 1.273018410E+05 4.671947646E-03 1.897008948E+03 2.165950476E+00 1.175978676E-01 4.247924956E-01 5.250630331E-03 4.522361964E-01 1.133794932E-04 1.735668018E-06
 4.617512202E+02 1.913167413E-01 1.940477146E+03 3.404491287E+02 1.272684770E+05 5.730111874E-03 1.924053317E+03 2.214183533E+00 1.184847297E-01 4.233990570E-01 5.187661543E-03 4.527621087E-01 1.533667045E-04 3.432001353E-06
 4.615631798E+02 1.886057972E-01 1.996240271E+03 3.500615619E+02 1.272279111E+05 6.987648313E-03 1.950780042E+03 2.263123832E+00 1.193039105E-01 4.221119572E-01 5.130036772E-03 4.532293326E-01 2.066224500E-04 6.009111782E-06
 4.613281293E+02 1.859241040E-01 2.053246974E+03 3.598147991E+02 1.271779494E+05 8.463586428E-03 1.977324418E+03 2.312966256E+00 1.201178032E-01 4.208331662E-01 5.072807120E-03 4.536926659E-01 2.602736216E-04 8.642554956E-06
 4.610343161E+02 1.833048077E-01 2.111815473E+03 3.697589829E+02 1.271113508E+05 1.016920497E-02 2.004100843E+03 2.363995418E+00 1.209391008E-01 4.195427408E-01 5.015079156E-03 4.541594087E-01 3.150922785E-04 1.136882479E-05
 4.606670496E+02 1.807276386E-01 2.172343386E+03 3.799593775E+02 1.270290357E+05 1.210072819E-02 2.031309821E+03 2.416582945E+00 1.217627554E-01 4.182486112E-01 4.957745736E-03 4.546140400E-01 3.809845467E-04 1.561444169E-05
 4.602079665E+02 1.781515182E-01 2.235336213E+03 3.904681107E+02 1.269260666E+05 1.423469322E-02 2.059214436E+03 2.471462187E+00 1.225308788E-01 4.170417264E-01 4.908105055E-03 4.549479141E-01 5.153201311E-04 2.990423548E-05
 4.596341127E+02 1.755459234E-01 2.301389296E+03 4.013652149E+02 1.267927378E+05 1.652403906E-02 2.088193052E+03 2.528682656E+00 1.233296372E-01 4.157867079E-01 4.856578505E-03 4.552929469E-01 6.566208523E-04 4.512764855E-05
 4.589167953E+02 1.726847847E-01 2.371243479E+03 4.126556732E+02 1.266396326E+05 1.886973540E-02 2.118772527E+03 2.588235250E+00 1.241739703E-01 4.144600822E-01 4.802240227E-03 4.556545816E-01 8.082910346E-04 6.173204537E-05
 4.580201487E+02 1.696354819E-01 2.445806938E+03 4.244068763E+02 1.264303267E+05 2.115552978E-02 2.152171257E+03 2.651056535E+00 1.250989629E-01 4.130067208E-01 4.746866063E-03 4.559762536E-01 1.026491580E-03 9.547738022E-05
 4.568993404E+02 1.663695135E-01 2.526058961E+03 4.367947309E+02 1.261677777E+05 2.320072412E-02 2.189015587E+03 2.718244379E+00 1.261266435E-01 4.113920082E-01 4.696027541E-03 4.561438533E-01 1.400700335E-03 1.732426134E-04
 4.554983300E+02 1.628316384E-01 2.613137636E+03 4.499600088E+02 1.258227964E+05 2.474593457E-02 2.230523147E+03 2.789828262E+00 1.272904964E-01 4.095633398E-01 4.638945966E-03 4.563255386E-01 1.829248248E-03 2.637841859E-04
 4.537470670E+02 1.586836583E-01 2.708227030E+03 4.638616707E+02 1.254050154E+05 2.538985613E-02 2.278009165E+03 2.866207919E+00 1.287950846E-01 4.071992972E-01 4.589564791E-03 4.562189529E-01 2.566677051E-03 4.989260252E-04
 4.515579882E+02 1.539902593E-01 2.812477380E+03 4.785552603E+02 1.248189705E+05 2.467102298E-02 2.333074930E+03 2.948214964E+00 1.306708963E-01 4.042519791E-01 4.543382855E-03 4.558738774E-01 3.596583482E-03 8.683684584E-04
 4.488216398E+02 1.486506625E-01 2.925744653E+03 4.941914333E+02 1.240366809E+05 2.195257072E-02 2.396778561E+03 3.034402024E+00 1.335641638E-01 3.997060156E-01 4.531850189E-03 4.546889844E-01 5.382830675E-03 1.792125962E-03
 4.454012042E+02 1.425585875E-01 3.044444726E+03 5.096315231E+02 1.230725549E+05 1.641065553E-02 2.468128833E+03 3.118910969E+00 1.378846609E-01 3.929175725E-01 4.573401982E-03 4.523959309E-01 8.064282766E-03 3.572503718E-03
 4.411256598E+02 1.355554505E-01 3.152902040E+03 5.238819536E+02 1.213628825E+05 5.811027757E-03 2.543394224E+03 3.185288493E+00 1.443207944E-01 3.828050268E-01 4.707553512E-03 4.484416307E-01 1.189812262E-02 6.768548763E-03
 4.357812293E+02 1.329187344E-01 3.183531517E+03 5.234219746E+02 1.202814482E+05 6.509679326E-06 2.563613268E+03 3.201613382E+00 1.466980528E-01 3.790698515E-01 4.774417705E-03 4.468646333E-01 1.324227894E-02 8.088371253E-03
 4.291006911E+02 1.303363037E-01 3.191021683E+03 5.168222478E+02 1.176615464E+05 0.000000000E+00 2.558717470E+03 3.211261239E+00 1.463467795E-01 3.796217896E-01 4.767889111E-03 4.470512188E-01 1.305570302E-02 7.919724322E-03
 4.207500184E+02 1.277669696E-01 3.198842252E+03 5.106077559E+02 1.150216531E+05 5.480753406E-15 2.553924013E+03 3.221416623E+00 1.460055158E-01 3.801580003E-01 4.761611791E-03 4.472311499E-01 1.287548132E-02 7.756152009E-03
 4.114000179E+02 1.249019233E-01 3.207341401E+03 5.026464776E+02 1.121913109E+05 4.632480674E-15 2.547902930E+03 3.232490952E+00 1.455507028E-01 3.808726219E-01 4.752624391E-03 4.474791121E-01 1.263367817E-02 7.533176035E-03
 4.020500175E+02 1.220984892E-01 3.215822571E+03 4.937799311E+02 1.093943243E+05 4.132721400E-15 2.542020950E+03 3.243508853E+00 1.451059158E-01 3.815714903E-01 4.743825270E-03 4.477211209E-01 1.239832130E-02 7.314695561E-03
 3.927000171E+02 1.194079544E-01 3.224339227E+03 4.843426918E+02 1.066556441E+05 3.877699371E-15 2.536138571E+03 3.254675694E+00 1.446656360E-01 3.822632761E-01 4.735296247E-03 4.479597224E-01 1.216475300E-02 7.099527722E-03
 3.833500167E+02 1.168927355E-01 3.232482456E+03 4.747274855E+02 1.041009888E+05 3.606763451E-15 2.530069097E+03 3.265253662E+00 1.442822782E-01 3.828656245E-01 4.730065814E-03 4.481509857E-01 1.195414789E-02 6.929376554E-03
 3.740000163E+02 1.144474618E-01 3.240416233E+03 4.643616552E+02 1.017043687E+05 3.334352764E-15 2.524226951E+03 3.275214156E+00 1.439139839E-01 3.834443042E-01 4.725081526E-03 4.483336375E-01 1.175269040E-02 6.766080201E-03
 3.646500159E+02 1.120887259E-01 3.248476578E+03 4.529475687E+02 9.933950653E+04 3.085667025E-15 2.518207341E+03 3.285498283E+00 1.435218188E-01 3.840604896E-01 4.719409775E-03 4.485323613E-01 1.153805875E-02 6.589058184E-03
 3.553000155E+02 1.098531625E-01 3.256397454E+03 4.410703345E+02 9.705858635E+04 2.864011905E-15 2.512340117E+03 3.295723050E+00 1.431333606E-01 3.846708498E-01 4.713620724E-03 4.487308528E-01 1.132594537E-02 6.412081817E-03
 3.459500151E+02 1.077240808E-01 3.263987143E+03 4.290002217E+02 9.495245243E+04 2.663798326E-15 2.507288508E+03 3.305045643E+00 1.428121172E-01 3.851756007E-01 4.709213011E-03 4.488892707E-01 1.115268868E-02 6.268462631E-03
 3.366000147E+02 1.056584304E-01 3.271440205E+03 4.162143475E+02 9.295635716E+04 2.481059740E-15 2.502231939E+03 3.314053448E+00 1.424853799E-01 3.856889829E-01 4.704594589E-03 4.490518253E-01 1.097657385E-02 6.121220053E-03
 3.272500143E+02 1.036905558E-01 3.278843067E+03 4.024230893E+02 9.100110905E+04 2.317490985E-15 2.496806008E+03 3.323345659E+00 1.421156278E-01 3.862699501E-01 4.698823129E-03 4.492427774E-01 1.077607234E-02 5.950168698E-03
 3.179000139E+02 1.018195889E-01 3.286110478E+03 3.879206837E+02 8.911632771E+04 2.168705899E-15 2.491597782E+03 3.332500210E+00 1.417577954E-01 3.868321882E-01 4.693161900E-03 4.494280550E-01 1.058266377E-02 5.783789542E-03
 3.085500135E+02 1.000301488E-01 3.293246591E+03 3.730529072E+02 8.734260759E+04 2.032963510E-15 2.487282366E+03 3.341025288E+00 1.414775749E-01 3.872724813E-01 4.689173572E-03 4.495663903E-01 1.043384964E-02 5.656648263E-03
 2.992000131E+02 9.834362300E-02 3.299906426E+03 3.576161392E+02 8.572425069E+04 1.912647754E-15 2.482587839E+03 3.349042898E+00 1.411535952E-01 3.877815285E-01 4.684032085E-03 4.497335828E-01 1.025980667E-02 5.505632748E-03
 2.898500126E+02 9.674976788E-02 3.306375853E+03 3.413169222E+02 8.415873730E+04 1.803123137E-15 2.477718468E+03 3.357102948E+00 1.408046662E-01 3.883297759E-01 4.678148491E-03 4.499181054E-01 1.007160711E-02 5.340164601E-03
 2.805000122E+02 9.519193134E-02 3.312883681E+03 3.242006634E+02 8.263933037E+04 1.698761811E-15 2.473615095E+03 3.364818111E+00 1.405253934E-01 3.887685784E-01 4.673827403E-03 4.500597593E-01 9.923520834E-03 5.210407728E-03
 2.711500118E+02 9.371153264E-02 3.319292899E+03 3.063824034E+02 8.117820226E+04 1.603926457E-15 2.469699930E+03 3.372452036E+00 1.402576014E-01 3.891893418E-01 4.669649641E-03 4.501956960E-01 9.781995452E-03 5.085548887E-03
 2.618000114E+02 9.232852320E-02 3.325373689E+03 2.880511580E+02 7.980837892E+04 1.518491570E-15 2.465673341E+03 3.379737454E+00 1.400091060E-01 3.895797859E-01 4.666724650E-03 4.503150444E-01 9.647907209E-03 4.976952363E-03
 2.524500110E+02 9.102561315E-02 3.331035766E+03 2.691353344E+02 7.855824775E+04 1.442191080E-15 2.461249662E+03 3.386486956E+00 1.397626877E-01 3.899669660E-01 4.664905815E-03 4.504266343E-01 9.510588418E-03 4.877695321E-03
 2.431000106E+02 8.978274938E-02 3.336531115E+03 2.495039922E+02 7.735971959E+04 1.371739419E-15 2.457166812E+03 3.393012378E+00 1.395367283E-01 3.903220007E-01 4.663292445E-03 4.505278371E-01 9.385428266E-03 4.786946143E-03
 2.337500102E+02 8.858631663E-02 3.341880646E+03 2.292477845E+02 7.619626446E+04 1.306307153E-15 2.453262683E+03 3.399445435E+00 1.393201616E-01 3.906622770E-01 4.661731750E-03 4.506246911E-01 9.265900696E-03 4.699738006E-03
 2.244000098E+02 8.745105648E-02 3.347027547E+03 2.084027509E+02 7.508072736E+04 1.246479089E-15 2.449513994E+03 3.405748548E+00 1.391103964E-01 3.909918667E-01 4.660159286E-03 4.507190356E-01 9.150316092E-03 4.614706651E-03
 2.150500094E+02 8.636956580E-02 3.351948446E+03 1.870416303E+02 7.401206369E+04 1.191321078E-15 2.446034292E+03 3.411838123E+00 1.389166282E-01 3.912963214E-01 4.658742149E-03 4.508053900E-01 9.044133050E-03 4.536309567E-03
 2.057000090E+02 8.536760935E-02 3.356528472E+03 1.653783027E+02 7.301978301E+04 1.141943993E-15 2.442708751E+03 3.417620302E+00 1.387287200E-01 3.915915685E-01 4.657276664E-03 4.508901855E-01 8.941066421E-03 4.459543584E-03
 1.963500086E+02 8.443967797E-02 3.360623415E+03 1.433540636E+02 7.214330303E+04 1.098003057E-15 2.439426784E+03 3.422759240E+00 1.385391329E-01 3.918894529E-01 4.655666018E-03 4.509775030E-01 8.836539781E-03 4.381152471E-03
 1.870000082E+02 8.358475376E-02 3.364370386E+03 1.208277219E+02 7.132286427E+04 1.059016313E-15 2.436195534E+03 3.427695025E+00 1.383478796E-01 3.921899550E-01 4.653887558E-03 4.510675572E-01 8.730687572E-03 4.300872342E-03
 1.776500078E+02 8.278435319E-02 3.367769225E+03 9.781577149E+01 7.056907187E+04 1.022719448E-15 2.433730183E+03 3.431988018E+00 1.382112164E-01 3.924046845E-01 4.652924713E-03 4.511272879E-01 8.656835761E-03 4.245663517E-03
 1.683000073E+02 8.203272084E-02 3.370878442E+03 7.436087248E+01 6.987045833E+04 9.889904709E-16 2.431825671E+03 3.435825875E+00 1.381141867E-01 3.925571411E-01 4.652544382E-03 4.511651737E-01 8.606123276E-03 4.208599228E-03
 1.589500069E+02 8.137535330E-02 3.373585184E+03 5.047974972E+01 6.923947365E+04 9.608534418E-16 2.429689541E+03 3.439579524E+00 1.379927869E-01 3.927478881E-01 4.651585656E-03 4.512194863E-01 8.540350375E-03 4.158722013E-03
 1.496000065E+02 8.083402347E-02 3.375780856E+03 2.631541651E+01 6.868016456E+04 9.392121011E-16 2.426830896E+03 3.443440916E+00 1.378073587E-01 3.930392364E-01 4.649329503E-03 4.513138759E-01 8.435935043E-03 4.076830069E-03
 1.402500061E+02 8.037520507E-02 3.377483037E+03 2.155754372E+00 6.821565345E+04 9.205715306E-16 2.424739898E+03 3.446499289E+00 1.376755145E-01 3.932463929E-01 4.647840964E-03 4.513791887E-01 8.362459651E-03 4.019388081E-03
 1.309000057E+02 7.999346679E-02 3.378709618E+03 -2.178146081E+01 6.786365267E+04 9.044314878E-16 2.424071026E+03 3.448348838E+00 1.376488250E-01 3.932883291E-01 4.648022513E-03 4.513852475E-01 8.350272323E-03 4.011170815E-03
 1.215500053E+02 7.973052737E-02 3.379321408E+03 -4.530042433E+01 6.764426239E+04 8.934462502E-16 2.424330035E+03 3.449127784E+00 1.376864622E-01 3.932291942E-01 4.649111423E-03 4.513567999E-01 8.374874580E-03 4.032275753E-03
 1.122000049E+02 7.965638099E-02 3.379030769E+03 -6.827420537E+01 6.757138500E+04 8.916655212E-16 2.424075735E+03 3.449408406E+00 1.376716157E-01 3.932525213E-01 4.648980960E-03 4.513635912E-01 8.366825148E-03 4.026065389E-03
 1.028500045E+02 7.978650997E-02 3.377935437E+03 -9.091050139E+01 6.766106743E+04 8.990855803E-16 2.423372807E+03 3.449236786E+00 1.376082511E-01 3.933520800E-01 4.647672343E-03 4.514037127E-01 8.328309713E-03 3.994243395E-03
 9.350000408E+01 8.006839620E-02 3.376074428E+03 -1.132461691E+02 6.792083070E+04 9.120342155E-16 2.423841619E+03 3.447648183E+00 1.376260282E-01 3.933241473E-01 4.647505498E-03 4.514003713E-01 8.336153011E-03 3.999397161E-03
 8.415000367E+01 8.056408265E-02 3.373273166E+03 -1.352319406E+02 6.842506384E+04 9.336691729E-16 2.426137273E+03 3.444042305E+00 1.377714557E-01 3.930956486E-01 4.649168124E-03 4.513280719E-01 8.417241741E-03 4.062921919E-03
 7.480000326E+01 8.170091993E-02 3.368108370E+03 -1.533636447E+02 6.957207277E+04 9.839097086E-16 2.431325536E+03 3.436089565E+00 1.380976036E-01 3.925831978E-01 4.652822140E-03 4.511666342E-01 8.599262358E-03 4.204711579E-03
 6.545000286E+01 8.394342429E-02 3.359427439E+03 -1.600918167E+02 7.175435863E+04 1.088671902E-15 2.440035845E+03 3.421952442E+00 1.386185585E-01 3.917646603E-01 4.657839927E-03 4.509194411E-01 8.887577953E-03 4.424862840E-03
 5.610000245E+01 8.891120520E-02 3.342413156E+03 -1.383216978E+02 7.666645628E+04 1.348493429E-15 2.458483657E+03 3.391742229E+00 1.396922456E-01 3.900776535E-01 4.667295270E-03 4.504178445E-01 9.484135133E-03 4.870649986E-03
 4.675000204E+01 1.013896255E-01 3.304069501E+03 -4.918759635E+01 8.889243055E+04 2.208546435E-15 2.495198952E+03 3.325684642E+00 1.421302168E-01 3.862470371E-01 4.702425549E-03 4.491875933E-01 1.079841786E-02 5.982322677E-03
 3.740000163E+01 1.187032607E-01 3.254868499E+03 6.530550742E+01 1.061578345E+05 3.998267408E-15 2.538801551E+03 3.247948997E+00 1.450056519E-01 3.817290415E-01 4.745203753E-03 4.477284708E-01 1.235853176E-02 7.291544554E-03
 2.805000122E+01 1.295787292E-01 3.222863007E+03 1.088437306E+02 1.172413445E+05 5.583797448E-15 2.563284718E+03 3.200372719E+00 1.469051744E-01 3.787444344E-01 4.783930693E-03 4.466772584E-01 1.337093550E-02 8.232746901E-03
 1.870000082E+01 1.323842027E-01 3.207161383E+03 1.003768182E+02 1.204296895E+05 6.061259919E-15 2.573974832E+03 3.177312436E+00 1.478720741E-01 3.772252130E-01 4.806807872E-03 4.460961066E-01 1.390164938E-02 8.735587943E-03
 9.350000408E+00 1.300695371E-01 3.223237638E+03 5.934468194E+01 1.177551610E+05 5.719441971E-15 2.564376375E+03 3.198700414E+00 1.469891019E-01 3.786125639E-01 4.785628029E-03 4.466307918E-01 1.341598182E-02 8.274126700E-03
 0.000000000E+00 1.271004658E-01 3.234227675E+03 0.000000000E+00 1.148758353E+05 5.111945852E-15 2.561493973E+03 3.211170087E+00 1.468929496E-01 3.787636538E-01 4.786562204E-03 4.466447450E-01 1.337374657E-02 8.249606603E-03

