# Axial (center line) profile RAO nozzle / chemical equilibrium
# Columns:
# 1: Distance from throat [mm]
# 2: Density [kg/m3]
# 3: axial velocity [m/s]
# 4: pressure [Pa]
# 5: temperature [K]
# 6: Mach number [1]
# 7-12: Mass fractions of major species: CO, CO2, H2, H2O, OH, O2
 -2.718956893E+02 7.027154299E+00 2.697479816E+02 1.034222309E+07 3.774010427E+03 2.088169606E-01 2.387547064E-01 2.343317862E-01 7.833463061E-03 3.782078181E-01 7.237452950E-02 5.352748799E-02
 -2.625200867E+02 7.028601912E+00 2.703743658E+02 1.034427446E+07 3.774001032E+03 2.093032058E-01 2.387473917E-01 2.343432710E-01 7.833023646E-03 3.782164725E-01 7.236916458E-02 5.352286712E-02
 -2.534175599E+02 7.024098985E+00 2.727116576E+02 1.033694548E+07 3.773832807E+03 2.111183866E-01 2.387440101E-01 2.343486441E-01 7.832962478E-03 3.782189649E-01 7.236545227E-02 5.352273464E-02
 -2.445801552E+02 7.020613067E+00 2.761025126E+02 1.033090281E+07 3.773626103E+03 2.137519191E-01 2.387312750E-01 2.343687133E-01 7.832362311E-03 3.782322812E-01 7.235468062E-02 5.351701684E-02
 -2.360001507E+02 7.014843150E+00 2.808175001E+02 1.032104988E+07 3.773315975E+03 2.174148232E-01 2.387144460E-01 2.343952483E-01 7.831601163E-03 3.782495401E-01 7.234016803E-02 5.350991285E-02
 -2.276700492E+02 7.008077901E+00 2.866263450E+02 1.030941754E+07 3.772937159E+03 2.219281558E-01 2.386927227E-01 2.344294921E-01 7.830599897E-03 3.782720197E-01 7.232159603E-02 5.350047944E-02
 -2.195825720E+02 6.999776943E+00 2.935269293E+02 1.029515026E+07 3.772475685E+03 2.272910754E-01 2.386665385E-01 2.344707696E-01 7.829397055E-03 3.782990756E-01 7.229917314E-02 5.348916789E-02
 -2.117306525E+02 6.990145206E+00 3.014347832E+02 1.027856034E+07 3.771935821E+03 2.334385553E-01 2.386356130E-01 2.345195194E-01 7.827971665E-03 3.783310855E-01 7.227272799E-02 5.347574399E-02
 -2.041074296E+02 6.979081723E+00 3.103033595E+02 1.025951422E+07 3.771321771E+03 2.403347762E-01 2.386009472E-01 2.345741686E-01 7.826381225E-03 3.783668946E-01 7.224301643E-02 5.346080416E-02
 -1.967062423E+02 6.966687040E+00 3.200778994E+02 1.023798083E+07 3.770597823E+03 2.479401104E-01 2.385574064E-01 2.346427905E-01 7.824342271E-03 3.784123166E-01 7.220605277E-02 5.344145997E-02
 -1.895206236E+02 6.952346889E+00 3.307247830E+02 1.021392805E+07 3.769889413E+03 2.562205040E-01 2.385241902E-01 2.346951994E-01 7.822922481E-03 3.784455277E-01 7.217667080E-02 5.342862334E-02
 -1.825442948E+02 6.935867583E+00 3.422187136E+02 1.018716396E+07 3.768904541E+03 2.651713327E-01 2.384631964E-01 2.347913064E-01 7.820049869E-03 3.785092449E-01 7.212505991E-02 5.340127103E-02
 -1.757711600E+02 6.917550211E+00 3.545003769E+02 1.015759330E+07 3.767857773E+03 2.747380683E-01 2.384019050E-01 2.348879030E-01 7.817212550E-03 3.785727587E-01 7.207275894E-02 5.337449103E-02
 -1.691953009E+02 6.897567271E+00 3.675050497E+02 1.012531487E+07 3.766724344E+03 2.848730617E-01 2.383363513E-01 2.349912218E-01 7.814188950E-03 3.786405905E-01 7.201671152E-02 5.334601718E-02
 -1.628109718E+02 6.875853891E+00 3.811890945E+02 1.009017533E+07 3.765481867E+03 2.955439011E-01 2.382629777E-01 2.351068526E-01 7.810928623E-03 3.787133643E-01 7.195560549E-02 5.331378930E-02
 -1.566125940E+02 6.852387228E+00 3.955006335E+02 1.005210289E+07 3.764134597E+03 3.067117356E-01 2.381831943E-01 2.352325824E-01 7.807400973E-03 3.787920549E-01 7.188940156E-02 5.327868973E-02
 -1.505947514E+02 6.827142232E+00 4.103889464E+02 1.001103032E+07 3.762681430E+03 3.183384792E-01 2.380971509E-01 2.353681767E-01 7.803594794E-03 3.788769682E-01 7.181799613E-02 5.324083202E-02
 -1.447521858E+02 6.800126304E+00 4.258033127E+02 9.966942395E+06 3.761121652E+03 3.303859673E-01 2.380047870E-01 2.355137309E-01 7.799506674E-03 3.789681791E-01 7.174133979E-02 5.320018415E-02
 -1.390797921E+02 6.771382574E+00 4.416938974E+02 9.919881784E+06 3.759456844E+03 3.428166196E-01 2.379061993E-01 2.356690922E-01 7.795140473E-03 3.790656038E-01 7.165951111E-02 5.315678779E-02
 -1.335726137E+02 6.741012492E+00 4.580122734E+02 9.869984760E+06 3.757691680E+03 3.555937729E-01 2.378016482E-01 2.358338503E-01 7.790506972E-03 3.791690009E-01 7.157272665E-02 5.311075242E-02
 -1.282258385E+02 6.709137148E+00 4.747101055E+02 9.817423446E+06 3.755832671E+03 3.686806743E-01 2.376915538E-01 2.360073432E-01 7.785624835E-03 3.792779619E-01 7.148132956E-02 5.306226856E-02
 -1.230347947E+02 6.675918584E+00 4.917361185E+02 9.762435184E+06 3.753887921E+03 3.820381383E-01 2.375763670E-01 2.361888599E-01 7.780513120E-03 3.793920584E-01 7.138569624E-02 5.301152707E-02
 -1.179949463E+02 6.641425415E+00 5.090386281E+02 9.705109797E+06 3.751861345E+03 3.956268490E-01 2.374563823E-01 2.363779366E-01 7.775185402E-03 3.795110000E-01 7.128606228E-02 5.295866920E-02
 -1.131018896E+02 6.605709980E+00 5.265654042E+02 9.645497820E+06 3.749753124E+03 4.094073589E-01 2.373314636E-01 2.365747870E-01 7.769632853E-03 3.796349606E-01 7.118233073E-02 5.290360257E-02
 -1.083513491E+02 6.568704510E+00 5.442670826E+02 9.583473655E+06 3.747562057E+03 4.233424197E-01 2.372018266E-01 2.367790724E-01 7.763869018E-03 3.797636892E-01 7.107464495E-02 5.284648047E-02
 -1.037391739E+02 6.530527086E+00 5.620823640E+02 9.519162340E+06 3.745284468E+03 4.373860095E-01 2.370665243E-01 2.369922809E-01 7.757839923E-03 3.798982673E-01 7.096230436E-02 5.278673155E-02
 -9.926133389E+01 6.491166627E+00 5.799711482E+02 9.452696988E+06 3.742960252E+03 4.515037352E-01 2.369310711E-01 2.372057418E-01 7.751839255E-03 3.800326828E-01 7.084950851E-02 5.272744180E-02
 -9.491391640E+01 6.451002153E+00 5.978876753E+02 9.383867339E+06 3.740422129E+03 4.656799546E-01 2.367712227E-01 2.374575716E-01 7.744565177E-03 3.801935350E-01 7.071784272E-02 5.265493277E-02
 -9.069312272E+01 6.408365295E+00 6.158868127E+02 9.313677146E+06 3.738131988E+03 4.798974036E-01 2.366568552E-01 2.376379120E-01 7.739794463E-03 3.803038350E-01 7.062019593E-02 5.260895461E-02
 -8.659526478E+01 6.362703491E+00 6.341166714E+02 9.240277139E+06 3.735225924E+03 4.943569164E-01 2.364733949E-01 2.379269082E-01 7.731455814E-03 3.804882577E-01 7.046894854E-02 5.252592395E-02
 -8.261676192E+01 6.316244824E+00 6.523180566E+02 9.165637047E+06 3.732361415E+03 5.088045978E-01 2.363003929E-01 2.381994705E-01 7.723699310E-03 3.806610968E-01 7.032539988E-02 5.244915050E-02
 -7.875413778E+01 6.269512395E+00 6.704228354E+02 9.090222143E+06 3.729488308E+03 5.231944392E-01 2.361287174E-01 2.384699511E-01 7.716022499E-03 3.808325094E-01 7.018270732E-02 5.237332018E-02
 -7.500401727E+01 6.222604333E+00 6.883973049E+02 9.014101067E+06 3.726594273E+03 5.375022097E-01 2.359562801E-01 2.387416329E-01 7.708311049E-03 3.810048152E-01 7.003929904E-02 5.229722758E-02
 -7.136312356E+01 6.175656171E+00 7.062018021E+02 8.937462748E+06 3.723682251E+03 5.516971995E-01 2.357828707E-01 2.390148448E-01 7.700549447E-03 3.811782947E-01 6.989504682E-02 5.222069865E-02
 -6.782827530E+01 6.128782591E+00 7.238031430E+02 8.860484458E+06 3.720758165E+03 5.657532161E-01 2.356087671E-01 2.392891485E-01 7.692748820E-03 3.813526869E-01 6.975019047E-02 5.214383978E-02
 -6.439638379E+01 6.082055248E+00 7.411679333E+02 8.783284379E+06 3.717827248E+03 5.796437776E-01 2.354343476E-01 2.395639483E-01 7.684927028E-03 3.815276045E-01 6.960503630E-02 5.206683159E-02
 -6.106445028E+01 6.035546945E+00 7.582666498E+02 8.705967296E+06 3.714890499E+03 5.933459157E-01 2.352594011E-01 2.398395755E-01 7.677070392E-03 3.817033066E-01 6.945944152E-02 5.198952395E-02
 -5.782956338E+01 5.989258813E+00 7.750849267E+02 8.628604235E+06 3.711964942E+03 6.068459438E-01 2.350862399E-01 2.401123939E-01 7.669302415E-03 3.818772586E-01 6.931517107E-02 5.191320947E-02
 -5.468889648E+01 5.943189246E+00 7.916351788E+02 8.550914744E+06 3.708981799E+03 6.201639018E-01 2.349054958E-01 2.403971336E-01 7.661122149E-03 3.820597416E-01 6.916507499E-02 5.183264770E-02
 -5.163970532E+01 5.895047095E+00 8.081300494E+02 8.473789644E+06 3.706011618E+03 6.334225429E-01 2.347364355E-01 2.406635034E-01 7.653820398E-03 3.822244622E-01 6.902492470E-02 5.175970726E-02
 -4.867932556E+01 5.844274048E+00 8.248448624E+02 8.393168406E+06 3.702616646E+03 6.469126786E-01 2.345219343E-01 2.410013312E-01 7.644476265E-03 3.824312263E-01 6.885226294E-02 5.166253998E-02
 -4.580517044E+01 5.794901469E+00 8.410901142E+02 8.314460293E+06 3.699350729E+03 6.600379445E-01 2.343198325E-01 2.413196494E-01 7.635726856E-03 3.826255594E-01 6.868909311E-02 5.157179605E-02
 -4.301472859E+01 5.746254906E+00 8.569986105E+02 8.236463096E+06 3.696131669E+03 6.729125645E-01 2.341221193E-01 2.416310607E-01 7.627180571E-03 3.828156674E-01 6.852927517E-02 5.148328757E-02
 -4.030556173E+01 5.698615736E+00 8.725168605E+02 8.159573814E+06 3.692959832E+03 6.854946504E-01 2.339273608E-01 2.419378162E-01 7.618753035E-03 3.830031790E-01 6.837181467E-02 5.139607631E-02
 -3.767530265E+01 5.652001807E+00 8.876373659E+02 8.083844758E+06 3.689837039E+03 6.977774001E-01 2.337356410E-01 2.422397836E-01 7.610447860E-03 3.831880077E-01 6.821678367E-02 5.131019577E-02
 -3.512165306E+01 5.606483123E+00 9.023472521E+02 8.009405457E+06 3.686766198E+03 7.097496739E-01 2.335469204E-01 2.425370240E-01 7.602260366E-03 3.833702189E-01 6.806417589E-02 5.122558528E-02
 -3.264238161E+01 5.562084412E+00 9.166437673E+02 7.936388799E+06 3.683767393E+03 7.214050936E-01 2.333637686E-01 2.428254971E-01 7.594323195E-03 3.835470861E-01 6.791592000E-02 5.114367084E-02
 -3.023532195E+01 5.518837698E+00 9.305369560E+02 7.864610545E+06 3.680772207E+03 7.327628577E-01 2.331764373E-01 2.431205289E-01 7.586127872E-03 3.837289820E-01 6.776475833E-02 5.105895333E-02
 -2.789837083E+01 5.476120372E+00 9.441223714E+02 7.794284463E+06 3.678072347E+03 7.438435943E-01 2.330286696E-01 2.433533541E-01 7.579973819E-03 3.838691133E-01 6.764315990E-02 5.099631178E-02
 -2.562948624E+01 5.431213141E+00 9.578683228E+02 7.723326011E+06 3.674843713E+03 7.551155257E-01 2.328194981E-01 2.436827196E-01 7.570725498E-03 3.840732981E-01 6.747499200E-02 5.090052785E-02
 -2.342668567E+01 5.384544722E+00 9.718348466E+02 7.650042167E+06 3.671553997E+03 7.665788012E-01 2.326126836E-01 2.440083976E-01 7.561667970E-03 3.842743303E-01 6.730798899E-02 5.080706025E-02
 -2.128804434E+01 5.340151292E+00 9.852285663E+02 7.579983001E+06 3.668437987E+03 7.775830581E-01 2.324193464E-01 2.443128620E-01 7.553229674E-03 3.844620849E-01 6.715155820E-02 5.072016185E-02
 -1.921169354E+01 5.297288353E+00 9.982064907E+02 7.511926484E+06 3.665418413E+03 7.882625333E-01 2.322325954E-01 2.446069556E-01 7.545078924E-03 3.846435804E-01 6.700036561E-02 5.063631208E-02
 -1.719581897E+01 5.256076539E+00 1.010731626E+03 7.446086796E+06 3.662500206E+03 7.985862344E-01 2.320523210E-01 2.448908490E-01 7.537205441E-03 3.848189716E-01 6.685437203E-02 5.055538026E-02
 -1.523865919E+01 5.216444092E+00 1.022805157E+03 7.382383371E+06 3.659677782E+03 8.085546640E-01 2.318779995E-01 2.451653662E-01 7.529584442E-03 3.849887765E-01 6.671317582E-02 5.047709782E-02
 -1.333850407E+01 5.178341100E+00 1.034421787E+03 7.320784711E+06 3.656951831E+03 8.181620742E-01 2.317098719E-01 2.454301288E-01 7.522230267E-03 3.851527067E-01 6.657695132E-02 5.040161650E-02
 -1.149369327E+01 5.141723451E+00 1.045578707E+03 7.261210331E+06 3.654307241E+03 8.274079183E-01 2.315459456E-01 2.456882702E-01 7.515040335E-03 3.853128629E-01 6.644420765E-02 5.032782746E-02
 -9.702614826E+00 5.106471545E+00 1.056285675E+03 7.203705371E+06 3.651796300E+03 8.362876091E-01 2.313940976E-01 2.459274075E-01 7.508430810E-03 3.854607679E-01 6.632079404E-02 5.026022157E-02
 -7.963703715E+00 5.072527310E+00 1.066593568E+03 7.147362406E+06 3.649169497E+03 8.448918866E-01 2.312195941E-01 2.462021476E-01 7.500587504E-03 3.856335263E-01 6.618079196E-02 5.017924747E-02
 -6.275440500E+00 5.037902406E+00 1.076801121E+03 7.092568419E+06 3.646892176E+03 8.533326577E-01 2.310977408E-01 2.463941101E-01 7.495736600E-03 3.857448830E-01 6.608184379E-02 5.012834312E-02
 -4.636350000E+00 4.997402201E+00 1.088244064E+03 7.029696021E+06 3.643764724E+03 8.628858928E-01 2.308899022E-01 2.467212983E-01 7.486861531E-03 3.859401420E-01 6.591926914E-02 5.003213499E-02
 -3.045000000E+00 4.958843824E+00 1.099166961E+03 6.969745313E+06 3.640854850E+03 8.720038188E-01 2.307029119E-01 2.470156907E-01 7.478964428E-03 3.861149161E-01 6.577234441E-02 4.994676956E-02
 -1.500000000E+00 4.922291059E+00 1.109582461E+03 6.912624387E+06 3.638097051E+03 8.807084724E-01 2.305269676E-01 2.472926966E-01 7.471545976E-03 3.862793317E-01 6.563395100E-02 4.986666847E-02
 0.000000000E+00 4.887594257E+00 1.119533339E+03 6.858109747E+06 3.635470735E+03 8.890359401E-01 2.303598618E-01 2.475557877E-01 7.464500276E-03 3.864355835E-01 6.550244839E-02 4.979065287E-02
 1.500000000E+00 4.853775861E+00 1.129301249E+03 6.804687301E+06 3.632900175E+03 8.972212415E-01 2.301965255E-01 2.478129437E-01 7.457610402E-03 3.865884381E-01 6.537387532E-02 4.971636966E-02
 3.045000000E+00 4.819941648E+00 1.139142047E+03 6.750938808E+06 3.630313653E+03 9.054796745E-01 2.300320814E-01 2.480718423E-01 7.450665758E-03 3.867425137E-01 6.524442649E-02 4.964153711E-02
 4.636350000E+00 4.786247408E+00 1.149002173E+03 6.697117504E+06 3.627725448E+03 9.137664980E-01 2.298676296E-01 2.483307519E-01 7.443715705E-03 3.868967476E-01 6.511494753E-02 4.956669399E-02
 6.275440500E+00 4.752851378E+00 1.158823414E+03 6.643430189E+06 3.625132574E+03 9.220369192E-01 2.297017817E-01 2.485918536E-01 7.436682969E-03 3.870526534E-01 6.498447148E-02 4.949096878E-02
 7.963703715E+00 4.719817211E+00 1.168555330E+03 6.590200823E+06 3.622609199E+03 9.302342941E-01 2.295446858E-01 2.488391934E-01 7.430080888E-03 3.871997511E-01 6.486041612E-02 4.942006685E-02
 9.702614826E+00 4.687045680E+00 1.178243923E+03 6.536443259E+06 3.619881485E+03 9.384575799E-01 2.293579333E-01 2.491331519E-01 7.421959587E-03 3.873777885E-01 6.471475241E-02 4.933230657E-02
 1.149369327E+01 4.651133785E+00 1.188576629E+03 6.480190463E+06 3.617415573E+03 9.471183063E-01 2.292287464E-01 2.493366462E-01 7.416908798E-03 3.874945983E-01 6.461004123E-02 4.927900213E-02
 1.333850407E+01 4.592098537E+00 1.204977830E+03 6.389342692E+06 3.612548286E+03 9.610445547E-01 2.289020008E-01 2.498509480E-01 7.402812567E-03 3.878048191E-01 6.435424960E-02 4.912708797E-02
 1.523865919E+01 4.528307933E+00 1.222739346E+03 6.290650863E+06 3.607404817E+03 9.761388824E-01 2.285694871E-01 2.503743723E-01 7.388629727E-03 3.881190559E-01 6.409259451E-02 4.897482931E-02
 1.719581897E+01 4.468040770E+00 1.239676215E+03 6.196504698E+06 3.602533229E+03 9.905693110E-01 2.282575539E-01 2.508654070E-01 7.375345843E-03 3.884139635E-01 6.384676901E-02 4.883248905E-02
 1.921169354E+01 4.408455848E+00 1.256603106E+03 6.102367265E+06 3.597648158E+03 1.005040975E+00 2.279432095E-01 2.513602267E-01 7.361911609E-03 3.887120333E-01 6.359916190E-02 4.868863989E-02
 2.128804434E+01 4.344551181E+00 1.274919021E+03 6.000494891E+06 3.592429577E+03 1.020735719E+00 2.276134688E-01 2.518793008E-01 7.347883936E-03 3.890243864E-01 6.333872877E-02 4.853883770E-02
 2.342668567E+01 4.309024082E+00 1.285219964E+03 5.943048171E+06 3.589393186E+03 1.029611358E+00 2.274124584E-01 2.521956888E-01 7.339273851E-03 3.892145417E-01 6.318184029E-02 4.844561429E-02
 2.562948624E+01 4.298440603E+00 1.288094659E+03 5.926824057E+06 3.588585463E+03 1.032066084E+00 2.273663738E-01 2.522682481E-01 7.337494831E-03 3.892550092E-01 6.314588864E-02 4.842570751E-02
 2.789837083E+01 4.288486137E+00 1.290788529E+03 5.911808870E+06 3.587727586E+03 1.034384151E+00 2.273088005E-01 2.523588572E-01 7.335120568E-03 3.893073005E-01 6.310191499E-02 4.839894206E-02
 3.023532195E+01 4.271613757E+00 1.295385713E+03 5.886365177E+06 3.586295028E+03 1.038335374E+00 2.272145921E-01 2.525071293E-01 7.331263710E-03 3.893925582E-01 6.302977287E-02 4.835551037E-02
 3.264238161E+01 4.238239832E+00 1.304545604E+03 5.835768553E+06 3.583437404E+03 1.046220360E+00 2.270257595E-01 2.528043236E-01 7.323512675E-03 3.895637664E-01 6.288524949E-02 4.826825013E-02
 3.512165306E+01 4.179398553E+00 1.320859723E+03 5.745790591E+06 3.578359928E+03 1.060297701E+00 2.266903929E-01 2.533321376E-01 7.309729403E-03 3.898682997E-01 6.262853026E-02 4.811321830E-02
 3.767530265E+01 4.085669945E+00 1.347387663E+03 5.599799064E+06 3.569950774E+03 1.083335509E+00 2.261182877E-01 2.542324723E-01 7.285901005E-03 3.903922016E-01 6.219212595E-02 4.784524354E-02
 4.030556173E+01 3.982188550E+00 1.376828575E+03 5.438322570E+06 3.561570710E+03 1.108794490E+00 2.256316029E-01 2.549986508E-01 7.266809074E-03 3.908253420E-01 6.181287657E-02 4.763273551E-02
 4.301472859E+01 3.885349237E+00 1.403808729E+03 5.291128782E+06 3.552345565E+03 1.132491426E+00 2.249845462E-01 2.560167972E-01 7.239494629E-03 3.914235121E-01 6.132048782E-02 4.732623012E-02
 4.580517044E+01 3.797425412E+00 1.428548173E+03 5.156877062E+06 3.544197038E+03 1.154243437E+00 2.244413609E-01 2.568715737E-01 7.216913433E-03 3.919226293E-01 6.090435297E-02 4.707394326E-02
 4.867932556E+01 3.717903589E+00 1.451640044E+03 5.032128015E+06 3.536224210E+03 1.174781272E+00 2.238712133E-01 2.577686431E-01 7.192560411E-03 3.924547399E-01 6.047128187E-02 4.680132860E-02
 5.163970532E+01 3.652648283E+00 1.470085359E+03 4.933001874E+06 3.530846380E+03 1.190923671E+00 2.235813801E-01 2.582249337E-01 7.181591348E-03 3.927087883E-01 6.024329935E-02 4.667985564E-02
 5.468889648E+01 3.592885959E+00 1.486809747E+03 4.843520304E+06 3.524663059E+03 1.205869533E+00 2.231333952E-01 2.589297140E-01 7.163279490E-03 3.931079659E-01 5.991196769E-02 4.646495010E-02
 5.782956338E+01 3.532205696E+00 1.503967599E+03 4.752178553E+06 3.518616767E+03 1.221183016E+00 2.227187263E-01 2.595821400E-01 7.146636789E-03 3.934743326E-01 5.960325914E-02 4.627006971E-02
 6.106445028E+01 3.463199427E+00 1.523970636E+03 4.646312655E+06 3.511440967E+03 1.239171017E+00 2.222100515E-01 2.603824165E-01 7.125918779E-03 3.939278689E-01 5.922600167E-02 4.602763952E-02
 6.439638379E+01 3.387310980E+00 1.545941930E+03 4.530782921E+06 3.504711996E+03 1.258679215E+00 2.218335584E-01 2.609750114E-01 7.112025591E-03 3.942475945E-01 5.893800518E-02 4.586640159E-02
 6.782827530E+01 3.307286669E+00 1.568719222E+03 4.412027531E+06 3.495852723E+03 1.279385059E+00 2.211819837E-01 2.619999788E-01 7.085093560E-03 3.948341175E-01 5.845626786E-02 4.555189660E-02
 7.136312356E+01 3.217776825E+00 1.594903501E+03 4.276871021E+06 3.485839913E+03 1.303312918E+00 2.204516247E-01 2.631488797E-01 7.054898876E-03 3.954928761E-01 5.791567466E-02 4.520000403E-02
 7.500401727E+01 3.123889745E+00 1.622513068E+03 4.135979008E+06 3.477008341E+03 1.328164556E+00 2.199541085E-01 2.639318625E-01 7.036341514E-03 3.959200462E-01 5.753472432E-02 4.498620983E-02
 7.875413778E+01 3.027530333E+00 1.650708731E+03 3.994079864E+06 3.465471646E+03 1.354248939E+00 2.190867513E-01 2.652961005E-01 7.001210933E-03 3.966832119E-01 5.690575513E-02 4.456390872E-02
 8.261676192E+01 2.926265304E+00 1.681555767E+03 3.841062909E+06 3.452969889E+03 1.383028671E+00 2.181393330E-01 2.667862176E-01 6.963148087E-03 3.975090829E-01 5.622464347E-02 4.410058146E-02
 8.659526478E+01 2.827321707E+00 1.710983060E+03 3.697569198E+06 3.442406200E+03 1.410051301E+00 2.174857884E-01 2.678144082E-01 6.938943309E-03 3.980560238E-01 5.574308439E-02 4.380663058E-02
 9.069312272E+01 2.723736719E+00 1.743261414E+03 3.542889106E+06 3.428333969E+03 1.440767623E+00 2.163666216E-01 2.695744385E-01 6.893023167E-03 3.990459317E-01 5.494182036E-02 4.324993734E-02
 9.491391640E+01 2.622548763E+00 1.774248154E+03 3.397355498E+06 3.417418347E+03 1.469447923E+00 2.157338289E-01 2.705700143E-01 6.870156585E-03 3.995717658E-01 5.447090064E-02 4.297415137E-02
 9.926133389E+01 2.518778905E+00 1.807538302E+03 3.244169199E+06 3.402096107E+03 1.501667052E+00 2.144812931E-01 2.725395780E-01 6.820242201E-03 4.006438050E-01 5.359654555E-02 4.234525422E-02
 1.037391739E+02 2.417512054E+00 1.839625552E+03 3.099893309E+06 3.390200134E+03 1.531816907E+00 2.137613146E-01 2.736721264E-01 6.795031428E-03 4.012195545E-01 5.307782592E-02 4.202456652E-02
 1.083513491E+02 2.315252111E+00 1.873589046E+03 2.950749837E+06 3.374463463E+03 1.565131066E+00 2.124892149E-01 2.756723749E-01 6.744454631E-03 4.023089657E-01 5.219018660E-02 4.138749649E-02
 1.131018896E+02 2.215108321E+00 1.906684375E+03 2.809161905E+06 3.361054818E+03 1.596992561E+00 2.115897326E-01 2.770869805E-01 6.711112883E-03 4.030532789E-01 5.154952032E-02 4.096728682E-02
 1.179949463E+02 2.114970690E+00 1.940984738E+03 2.666389501E+06 3.346392123E+03 1.630507228E+00 2.105392573E-01 2.787388478E-01 6.672727661E-03 4.038999407E-01 5.082335337E-02 4.046312385E-02
 1.230347947E+02 2.015841554E+00 1.975688877E+03 2.526085088E+06 3.329708507E+03 1.665266983E+00 2.091978112E-01 2.808479400E-01 6.621571843E-03 4.050049191E-01 4.990939757E-02 3.979201297E-02
 1.282258385E+02 1.918257798E+00 2.010432801E+03 2.389968143E+06 3.315638030E+03 1.699315075E+00 2.082920804E-01 2.822722706E-01 6.590108439E-03 4.057171146E-01 4.927776496E-02 3.937599853E-02
 1.335726137E+02 1.822219664E+00 2.046094566E+03 2.254761347E+06 3.297619483E+03 1.735923063E+00 2.067868453E-01 2.846386759E-01 6.532222112E-03 4.069612297E-01 4.826188731E-02 3.861252263E-02
 1.390797921E+02 1.729447584E+00 2.081077922E+03 2.126643884E+06 3.281103373E+03 1.771494280E+00 2.055298769E-01 2.866148570E-01 6.487176596E-03 4.079471791E-01 4.742208288E-02 3.799471258E-02
 1.447521858E+02 1.639234843E+00 2.116066785E+03 2.003084915E+06 3.266054325E+03 1.806765399E+00 2.045184516E-01 2.882051378E-01 6.452868259E-03 4.087196506E-01 4.673807663E-02 3.752082228E-02
 1.505947514E+02 1.551268150E+00 2.151638381E+03 1.882119771E+06 3.247428414E+03 1.844301447E+00 2.029471355E-01 2.906752135E-01 6.393788679E-03 4.099898759E-01 4.569799732E-02 3.671998249E-02
 1.566125940E+02 1.465859180E+00 2.187122505E+03 1.766112786E+06 3.229292376E+03 1.881714094E+00 2.014845602E-01 2.929743399E-01 6.341870535E-03 4.111174484E-01 4.474683684E-02 3.598541952E-02
 1.628109718E+02 1.383177690E+00 2.222459992E+03 1.655265274E+06 3.212708715E+03 1.918616951E+00 2.002815372E-01 2.948655543E-01 6.301284259E-03 4.120195689E-01 4.395982520E-02 3.540330733E-02
 1.691953009E+02 1.303302787E+00 2.257963114E+03 1.548580702E+06 3.195459235E+03 1.956274918E+00 1.989781413E-01 2.969144521E-01 6.256274946E-03 4.130113995E-01 4.311056496E-02 3.476230011E-02
 1.757711600E+02 1.226651337E+00 2.293570121E+03 1.446205897E+06 3.175245181E+03 1.995585592E+00 1.972099659E-01 2.996936352E-01 6.193044756E-03 4.143683874E-01 4.198870177E-02 3.384929339E-02
 1.825442948E+02 1.153352979E+00 2.328735507E+03 1.349611624E+06 3.156389556E+03 2.034187642E+00 1.956632253E-01 3.021247993E-01 6.139978696E-03 4.155225335E-01 4.101193391E-02 3.306605978E-02
 1.895206236E+02 1.083222511E+00 2.363550968E+03 1.258391517E+06 3.138821105E+03 2.072213369E+00 1.943192866E-01 3.042372397E-01 6.095180694E-03 4.165119040E-01 4.015948468E-02 3.240095529E-02
 1.967062423E+02 1.016148482E+00 2.398329330E+03 1.171586852E+06 3.121093659E+03 2.110540261E+00 1.929686992E-01 3.063600770E-01 6.051425829E-03 4.174823505E-01 3.931401130E-02 3.173353994E-02
 2.041074296E+02 9.522086588E-01 2.432997080E+03 1.089264472E+06 3.101362409E+03 2.149980402E+00 1.912991735E-01 3.089840236E-01 5.995595882E-03 4.186948852E-01 3.828737516E-02 3.087834506E-02
 2.117306525E+02 8.914760472E-01 2.467459792E+03 1.011514423E+06 3.081139079E+03 2.189917285E+00 1.895290273E-01 3.117660314E-01 5.935283544E-03 4.199961621E-01 3.720274122E-02 2.996065617E-02
 2.195825720E+02 8.338066750E-01 2.501682008E+03 9.382404631E+05 3.060905659E+03 2.229900733E+00 1.877826434E-01 3.145106455E-01 5.877905218E-03 4.212422427E-01 3.614788635E-02 2.905919753E-02
 2.276700492E+02 7.792800736E-01 2.535286154E+03 8.700538032E+05 3.042064368E+03 2.268908253E+00 1.862541853E-01 3.169127815E-01 5.829759199E-03 4.223039339E-01 3.522865854E-02 2.828531701E-02
 2.360001507E+02 7.277063857E-01 2.568587585E+03 8.060882173E+05 3.023533702E+03 2.307884156E+00 1.847548650E-01 3.192690943E-01 5.782434583E-03 4.233480700E-01 3.432867272E-02 2.752575108E-02
 2.445801552E+02 6.789706112E-01 2.601659418E+03 7.460199013E+05 3.004663576E+03 2.347053387E+00 1.832277817E-01 3.216689877E-01 5.735736561E-03 4.243842037E-01 3.342464540E-02 2.675249700E-02
 2.534175599E+02 6.330160733E-01 2.634440446E+03 6.897822734E+05 2.985264284E+03 2.386559830E+00 1.816112014E-01 3.242094685E-01 5.686178225E-03 4.254784431E-01 3.247660031E-02 2.592543765E-02
 2.625200867E+02 5.897823556E-01 2.666878514E+03 6.372738726E+05 2.964883800E+03 2.426703744E+00 1.798030259E-01 3.270509640E-01 5.628773902E-03 4.267275810E-01 3.142179355E-02 2.498052294E-02
 2.718956893E+02 5.491869562E-01 2.698951608E+03 5.883283517E+05 2.944250607E+03 2.466838589E+00 1.779979441E-01 3.298875568E-01 5.573789767E-03 4.279365457E-01 3.038228737E-02 2.404206535E-02
 2.815525599E+02 5.111104607E-01 2.730608728E+03 5.428224646E+05 2.923842670E+03 2.506868708E+00 1.762097060E-01 3.326976495E-01 5.519688925E-03 4.291272552E-01 2.935918713E-02 2.311084261E-02
 2.914991367E+02 4.754524660E-01 2.761876331E+03 5.005144919E+05 2.903480375E+03 2.547009208E+00 1.743901609E-01 3.355569030E-01 5.463976346E-03 4.303473466E-01 2.832279027E-02 2.215590963E-02
 3.017441108E+02 4.420445402E-01 2.792625120E+03 4.613845692E+05 2.883510816E+03 2.586444127E+00 1.727112973E-01 3.381950742E-01 5.416470602E-03 4.314171217E-01 2.737722018E-02 2.129340697E-02
 3.122964342E+02 4.107493693E-01 2.822954107E+03 4.251190857E+05 2.864092779E+03 2.625617200E+00 1.710770859E-01 3.407630599E-01 5.370097886E-03 4.324596947E-01 2.646117492E-02 2.045191596E-02
 3.231653272E+02 3.814613299E-01 2.852941488E+03 3.914539388E+05 2.844781950E+03 2.664857021E+00 1.694249157E-01 3.433592397E-01 5.322720635E-03 4.335195686E-01 2.553969921E-02 1.959513497E-02
 3.343602870E+02 3.540851207E-01 2.882591344E+03 3.602230880E+05 2.824959636E+03 2.704067640E+00 1.677906611E-01 3.459272433E-01 5.279006484E-03 4.345254672E-01 2.463510294E-02 1.876065849E-02
 3.458910956E+02 3.285273636E-01 2.911853318E+03 3.313238065E+05 2.805355068E+03 2.743261852E+00 1.661429167E-01 3.485164219E-01 5.234289796E-03 4.355464686E-01 2.372847063E-02 1.791213063E-02
 3.577678285E+02 3.046839623E-01 2.940759457E+03 3.045742996E+05 2.785774868E+03 2.782585121E+00 1.644568630E-01 3.511657741E-01 5.187779922E-03 4.365996913E-01 2.280603345E-02 1.703532906E-02
 3.700008633E+02 2.824600333E-01 2.969302488E+03 2.798397451E+05 2.765633518E+03 2.821792169E+00 1.628136334E-01 3.537478185E-01 5.146120859E-03 4.375824441E-01 2.190888432E-02 1.619975824E-02
 3.826008892E+02 2.617706978E-01 2.997428241E+03 2.570312569E+05 2.745794204E+03 2.860914415E+00 1.611612694E-01 3.563441983E-01 5.103553150E-03 4.385769421E-01 2.101312422E-02 1.535171212E-02
 3.955789159E+02 2.425229874E-01 3.025181816E+03 2.359807897E+05 2.725516533E+03 2.900411846E+00 1.594025951E-01 3.591076001E-01 5.056984694E-03 4.396498783E-01 2.006505715E-02 1.443547529E-02
 4.089462834E+02 2.246319329E-01 3.052548495E+03 2.165755124E+05 2.704578213E+03 2.939713383E+00 1.577112477E-01 3.617651992E-01 5.016486078E-03 4.406371519E-01 1.914918501E-02 1.358013248E-02
 4.227146719E+02 2.080160334E-01 3.079476207E+03 1.987340582E+05 2.684093787E+03 2.978844418E+00 1.560209053E-01 3.644212056E-01 4.975302766E-03 4.416292744E-01 1.824154682E-02 1.271676237E-02
 4.368961120E+02 1.925921287E-01 3.106027687E+03 1.823028826E+05 2.663612390E+03 3.018071325E+00 1.542984203E-01 3.671277023E-01 4.932885765E-03 4.426449470E-01 1.732189111E-02 1.182997429E-02
 4.515029954E+02 1.782767181E-01 3.132204126E+03 1.671778520E+05 2.642520665E+03 3.056988713E+00 1.526809839E-01 3.696691320E-01 4.897951948E-03 4.435536529E-01 1.644868824E-02 1.103050271E-02
 4.665480853E+02 1.650087098E-01 3.157932889E+03 1.533041840E+05 2.621927977E+03 3.095705108E+00 1.510611128E-01 3.722143763E-01 4.862126975E-03 4.444695233E-01 1.558264977E-02 1.021994109E-02
 4.820445278E+02 1.527126082E-01 3.183287256E+03 1.405490614E+05 2.601354690E+03 3.134527945E+00 1.494038634E-01 3.748183403E-01 4.824818257E-03 4.454128520E-01 1.470238532E-02 9.382048601E-03
 4.980058637E+02 1.413215331E-01 3.208271756E+03 1.288242448E+05 2.579970510E+03 3.172955941E+00 1.478854192E-01 3.772042023E-01 4.796851439E-03 4.462260347E-01 1.387927360E-02 8.659877873E-03
 5.144460396E+02 1.307761073E-01 3.232816549E+03 1.180820567E+05 2.559077183E+03 3.211209437E+00 1.463545114E-01 3.796096391E-01 4.767589033E-03 4.470532117E-01 1.305827825E-02 7.919936644E-03
 5.313794208E+02 1.210138225E-01 3.256975399E+03 1.082239376E+05 2.538378180E+03 3.249533773E+00 1.447804006E-01 3.820829492E-01 4.736209965E-03 4.479143410E-01 1.222218602E-02 7.145447866E-03
 5.488208034E+02 1.119747284E-01 3.280810717E+03 9.915681360E+04 2.516528277E+03 3.287478251E+00 1.433748023E-01 3.842914844E-01 4.716224908E-03 4.486212375E-01 1.145392221E-02 6.514513774E-03
 5.667854275E+02 1.036062063E-01 3.304249950E+03 9.084592939E+04 2.495008065E+03 3.325335792E+00 1.419522222E-01 3.865266952E-01 4.695161661E-03 4.493427004E-01 1.068295554E-02 5.866143746E-03
 5.852889903E+02 9.585423590E-02 3.327298486E+03 8.323198991E+04 2.474040767E+03 3.363033327E+00 1.405172646E-01 3.887813478E-01 4.672680963E-03 4.500787671E-01 9.914129829E-03 5.199123185E-03
 6.043476600E+02 8.866990211E-02 3.350124501E+03 7.620635874E+04 2.451587664E+03 3.400837853E+00 1.391885960E-01 3.908689941E-01 4.659432850E-03 4.507024909E-01 9.187244209E-03 4.636881391E-03
 6.239780898E+02 8.201013417E-02 3.372635019E+03 6.975745150E+04 2.429073842E+03 3.438497076E+00 1.379033634E-01 3.928883888E-01 4.648999501E-03 4.512870147E-01 8.481969379E-03 4.108568190E-03
 6.445611475E+02 7.572557320E-02 3.395151863E+03 6.375313078E+04 2.407047612E+03 3.476483344E+00 1.365999374E-01 3.949363650E-01 4.637014211E-03 4.518888201E-01 7.775388532E-03 3.558948902E-03
 6.651442052E+02 7.004862948E-02 3.416929858E+03 5.834831254E+04 2.384148791E+03 3.514145766E+00 1.353402166E-01 3.969156673E-01 4.630115124E-03 4.524325011E-01 7.091252646E-03 3.058399806E-03
 6.857272629E+02 6.489764899E-02 3.437930388E+03 5.349336336E+04 2.361313273E+03 3.550527205E+00 1.342694283E-01 3.985981146E-01 4.633090875E-03 4.528176321E-01 6.507402071E-03 2.694527360E-03
 7.063103206E+02 6.019110823E-02 3.458270845E+03 4.910893594E+04 2.339444451E+03 3.586159394E+00 1.331998244E-01 4.002786977E-01 4.634259241E-03 4.532181281E-01 5.927485490E-03 2.315984655E-03
 7.268933784E+02 5.582483178E-02 3.478305585E+03 4.508265290E+04 2.317948260E+03 3.621774436E+00 1.321008816E-01 4.020053753E-01 4.633573977E-03 4.536467510E-01 5.334518923E-03 1.911310076E-03
 7.474764361E+02 5.165554492E-02 3.498812229E+03 4.124304092E+04 2.293457663E+03 3.659339065E+00 1.310998746E-01 4.035781743E-01 4.647224717E-03 4.538976267E-01 4.817005332E-03 1.634204915E-03
 7.680594938E+02 4.762735659E-02 3.519928206E+03 3.756841497E+04 2.267440233E+03 3.698756668E+00 1.300736231E-01 4.051906359E-01 4.664500505E-03 4.541257558E-01 4.289818481E-03 1.370204372E-03
 7.886425515E+02 4.381589253E-02 3.541147596E+03 3.414176999E+04 2.241585603E+03 3.738786365E+00 1.290082129E-01 4.068646218E-01 4.679976939E-03 4.543882244E-01 3.739806643E-03 1.078089910E-03
 8.092256092E+02 4.007263597E-02 3.563834169E+03 3.079192304E+04 2.212120038E+03 3.783333282E+00 1.278692724E-01 4.086541367E-01 4.704126971E-03 4.545799369E-01 3.187956786E-03 8.063492292E-04
 8.298086669E+02 3.600240809E-02 3.589410078E+03 2.720612929E+04 2.177493072E+03 3.835390576E+00 1.267313959E-01 4.104419789E-01 4.746552907E-03 4.545581568E-01 2.713388451E-03 6.402180946E-04
 8.503917246E+02 3.668444245E-02 3.584664707E+03 2.781189417E+04 2.183685250E+03 3.825716084E+00 1.269392924E-01 4.101153301E-01 4.739123687E-03 4.545575696E-01 2.802029671E-03 6.725794071E-04
 8.709747823E+02 4.228344182E-02 3.548644464E+03 3.282034005E+04 2.233926728E+03 3.752370563E+00 1.287004228E-01 4.073482260E-01 4.684934386E-03 4.544511298E-01 3.590500088E-03 9.959288591E-04
 8.915578400E+02 6.952248134E-02 3.413712410E+03 5.842943859E+04 2.402383447E+03 3.499640989E+00 1.366664213E-01 3.948319263E-01 4.649163958E-03 4.516828220E-01 7.880734724E-03 3.667672434E-03
 9.121408977E+02 1.130846742E-01 3.272698214E+03 1.011699772E+05 2.537376505E+03 3.265931671E+00 1.452980090E-01 3.812697114E-01 4.760432856E-03 4.474380906E-01 1.254773550E-02 7.509469592E-03
 9.327239555E+02 1.549568991E-01 3.173257116E+03 1.438254877E+05 2.617801678E+03 3.113178297E+00 1.512770006E-01 3.718752204E-01 4.878530645E-03 4.441926030E-01 1.572618236E-02 1.042486876E-02
 9.533070132E+02 1.756129102E-01 3.130212588E+03 1.649850699E+05 2.646769223E+03 3.052274133E+00 1.533758856E-01 3.685773013E-01 4.921014282E-03 4.430587367E-01 1.683839953E-02 1.144224681E-02
 9.738900709E+02 1.691318443E-01 3.142622540E+03 1.582465437E+05 2.635959460E+03 3.071191810E+00 1.525011590E-01 3.699517244E-01 4.901169085E-03 4.435608319E-01 1.636753793E-02 1.100104205E-02
 9.944731286E+02 1.552060257E-01 3.170842563E+03 1.437638360E+05 2.613887693E+03 3.113554163E+00 1.507682886E-01 3.726745171E-01 4.862970476E-03 4.445364064E-01 1.544622430E-02 1.013372929E-02
 1.015056186E+03 1.396834406E-01 3.204884649E+03 1.278206876E+05 2.587957252E+03 3.164478872E+00 1.488626223E-01 3.756688121E-01 4.824919352E-03 4.455701578E-01 1.443381121E-02 9.206711092E-03
 1.035639244E+03 1.271004658E-01 3.234227675E+03 1.148758353E+05 2.561493973E+03 3.211170087E+00 1.468929496E-01 3.787636538E-01 4.786562204E-03 4.466447450E-01 1.337374657E-02 8.249606603E-03

