# Axial profile TIC nozzle / chemical equilibrium
# Columns:
# 1: Distance from throat [mm]
# 2: Density [kg/m3]
# 3: axial velocity [m/s]
# 4: pressure [Pa]
# 5: temperature [K]
# 6: Mach number [1]
# 7-12: Mass fractions of major species: CO, CO2, H2, H2O, OH, O2
 -2.718956893E+02 7.026940397E+00 2.699397513E+02 1.034185644E+07 3.773998573E+03 2.089658818E-01 2.387540344E-01 2.343328457E-01 7.833432210E-03 3.782085121E-01 7.237395393E-02 5.352719780E-02
 -2.625200867E+02 7.028463525E+00 2.705663151E+02 1.034403609E+07 3.773993112E+03 2.094521149E-01 2.387469235E-01 2.343440089E-01 7.833001863E-03 3.782169591E-01 7.236876618E-02 5.352266085E-02
 -2.534175599E+02 7.023981505E+00 2.729075710E+02 1.033674405E+07 3.773826298E+03 2.112703125E-01 2.387436412E-01 2.343492256E-01 7.832945549E-03 3.782193457E-01 7.236513635E-02 5.352257543E-02
 -2.445801552E+02 7.020489892E+00 2.763045690E+02 1.033069134E+07 3.773619235E+03 2.139086251E-01 2.387308828E-01 2.343693315E-01 7.832344262E-03 3.782326867E-01 7.235434511E-02 5.351684690E-02
 -2.360001507E+02 7.014675413E+00 2.810284042E+02 1.032076182E+07 3.773306637E+03 2.175784955E-01 2.387139145E-01 2.343960862E-01 7.831576722E-03 3.782500895E-01 7.233971307E-02 5.350968285E-02
 -2.276700492E+02 7.007836477E+00 2.868475153E+02 1.030900270E+07 3.772923726E+03 2.220999702E-01 2.386919592E-01 2.344306956E-01 7.830564809E-03 3.782728087E-01 7.232094243E-02 5.350014936E-02
 -2.195825720E+02 6.999459131E+00 2.937593792E+02 1.029460379E+07 3.772458015E+03 2.274718372E-01 2.386655364E-01 2.344723493E-01 7.829351023E-03 3.783001112E-01 7.229831489E-02 5.348873506E-02
 -2.117306525E+02 6.989778897E+00 3.016806217E+02 1.027792941E+07 3.771915354E+03 2.336298523E-01 2.386344464E-01 2.345213585E-01 7.827917976E-03 3.783322922E-01 7.227172961E-02 5.347523881E-02
 -2.041074296E+02 6.978712461E+00 3.105668826E+02 1.025887900E+07 3.771301450E+03 2.405398112E-01 2.385998142E-01 2.345759549E-01 7.826329455E-03 3.783680629E-01 7.224204344E-02 5.346031893E-02
 -1.967062423E+02 6.966367029E+00 3.203639347E+02 1.023742139E+07 3.770578469E+03 2.481626205E-01 2.385561954E-01 2.346446987E-01 7.824284882E-03 3.784135872E-01 7.220503059E-02 5.344091241E-02
 -1.895206236E+02 6.952091007E+00 3.310359148E+02 1.021350400E+07 3.769872270E+03 2.564623530E-01 2.385229969E-01 2.346970788E-01 7.822864416E-03 3.784467942E-01 7.217567731E-02 5.342806186E-02
 -1.825442948E+02 6.935624067E+00 3.425535882E+02 1.018676942E+07 3.768890253E+03 2.654314807E-01 2.384623313E-01 2.347926696E-01 7.820009401E-03 3.785101457E-01 7.212432546E-02 5.340088703E-02
 -1.757711600E+02 6.917228277E+00 3.548548125E+02 1.015707418E+07 3.767839599E+03 2.750136255E-01 2.384008588E-01 2.348895518E-01 7.817164385E-03 3.785738401E-01 7.207186391E-02 5.337403774E-02
 -1.691953009E+02 6.897070252E+00 3.678761157E+02 1.012451206E+07 3.766696326E+03 2.851620890E-01 2.383347463E-01 2.349937516E-01 7.814115138E-03 3.786422492E-01 7.201533716E-02 5.334532328E-02
 -1.628109718E+02 6.875135529E+00 3.815750990E+02 1.008901173E+07 3.765440751E+03 2.958452854E-01 2.382605484E-01 2.351106809E-01 7.810821324E-03 3.787157587E-01 7.195358909E-02 5.331272182E-02
 -1.566125940E+02 6.851466429E+00 3.959033333E+02 1.005060703E+07 3.764081694E+03 3.070268599E-01 2.381800640E-01 2.352375154E-01 7.807262570E-03 3.787951428E-01 7.188680363E-02 5.327731300E-02
 -1.505947514E+02 6.826097096E+00 4.108132334E+02 1.000932728E+07 3.762621167E+03 3.186709642E-01 2.380935818E-01 2.353738012E-01 7.803436853E-03 3.788804918E-01 7.181503416E-02 5.323926130E-02
 -1.447521858E+02 6.799068479E+00 4.262559119E+02 9.965213066E+06 3.761060434E+03 3.307407160E-01 2.380011584E-01 2.355194491E-01 7.799345963E-03 3.789717643E-01 7.173832853E-02 5.319858634E-02
 -1.390797921E+02 6.770415493E+00 4.421809947E+02 9.918295477E+06 3.759400693E+03 3.431980976E-01 2.379028708E-01 2.356743376E-01 7.794992962E-03 3.790688949E-01 7.165674865E-02 5.315532177E-02
 -1.335726137E+02 6.740183532E+00 4.585360931E+02 9.868620271E+06 3.757643405E+03 3.560035313E-01 2.377987883E-01 2.358383572E-01 7.790380173E-03 3.791718305E-01 7.157035265E-02 5.310949286E-02
 -1.282258385E+02 6.708401691E+00 4.752669143E+02 9.816208548E+06 3.755789738E+03 3.691159698E-01 2.376890143E-01 2.360113451E-01 7.785512228E-03 3.792804758E-01 7.147922085E-02 5.306115069E-02
 -1.230347947E+02 6.675136007E+00 4.923169325E+02 9.761137435E+06 3.753842084E+03 3.824925640E-01 2.375736571E-01 2.361931303E-01 7.780392898E-03 3.793947429E-01 7.138344564E-02 5.301033424E-02
 -1.179949463E+02 6.640429149E+00 5.096325744E+02 9.703451176E+06 3.751802829E+03 3.960927054E-01 2.374529282E-01 2.363833798E-01 7.775032130E-03 3.795144239E-01 7.128319260E-02 5.295714949E-02
 -1.131018896E+02 6.604427668E+00 5.271673374E+02 9.643352316E+06 3.749677162E+03 4.098811161E-01 2.373269546E-01 2.365818923E-01 7.769432228E-03 3.796394385E-01 7.117858726E-02 5.290161299E-02
 -1.083513491E+02 6.567143959E+00 5.448798362E+02 9.580852955E+06 3.747469675E+03 4.238263193E-01 2.371963778E-01 2.367876590E-01 7.763626917E-03 3.797690996E-01 7.107011639E-02 5.284408274E-02
 -1.037391739E+02 6.528809808E+00 5.627085528E+02 9.516262410E+06 3.745181752E+03 4.378817432E-01 2.370604203E-01 2.370018995E-01 7.757567778E-03 3.799043420E-01 7.095723617E-02 5.278403524E-02
 -9.926133389E+01 6.489405129E+00 5.806211781E+02 9.449716181E+06 3.742856262E+03 4.520186674E-01 2.369250321E-01 2.372152587E-01 7.751571938E-03 3.800386750E-01 7.084447670E-02 5.272480258E-02
 -9.491391640E+01 6.449313627E+00 5.985705956E+02 9.380961559E+06 3.740314040E+03 4.662216739E-01 2.367643339E-01 2.374684240E-01 7.744250379E-03 3.802004837E-01 7.071217729E-02 5.265179153E-02
 -9.069312272E+01 6.406779530E+00 6.166114677E+02 9.311100132E+06 3.738023273E+03 4.804715230E-01 2.366494115E-01 2.376496346E-01 7.739447775E-03 3.803114089E-01 7.061412638E-02 5.260547129E-02
 -8.659526478E+01 6.361198313E+00 6.348889094E+02 9.237857178E+06 3.735131384E+03 4.949672537E-01 2.364675364E-01 2.379361374E-01 7.731191005E-03 3.804941326E-01 7.046410569E-02 5.252329377E-02
 -8.261676192E+01 6.314787385E+00 6.531131116E+02 9.163289783E+06 3.732271588E+03 5.094328732E-01 2.362949898E-01 2.382079830E-01 7.723457274E-03 3.806664944E-01 7.032091367E-02 5.244675690E-02
 -7.875413778E+01 6.267916766E+00 6.712316627E+02 9.087641123E+06 3.729390346E+03 5.238348432E-01 2.361228963E-01 2.384791227E-01 7.715762550E-03 3.808383199E-01 7.017786456E-02 5.237075519E-02
 -7.500401727E+01 6.220778938E+00 6.892105783E+02 9.011131459E+06 3.726481741E+03 5.381481949E-01 2.359496075E-01 2.387521461E-01 7.708012980E-03 3.810114817E-01 7.003374527E-02 5.229428931E-02
 -7.136312356E+01 6.173553935E+00 7.070151134E+02 8.934021926E+06 3.723551864E+03 5.523457884E-01 2.357751370E-01 2.390270297E-01 7.700203571E-03 3.811860316E-01 6.988860911E-02 5.221729136E-02
 -6.782827530E+01 6.126399917E+00 7.246147015E+02 8.856561049E+06 3.720609557E+03 5.664031955E-01 2.355999559E-01 2.393030308E-01 7.692354383E-03 3.813615124E-01 6.974285427E-02 5.213995705E-02
 -6.439638379E+01 6.079453315E+00 7.419814921E+02 8.778970065E+06 3.717663117E+03 5.802979717E-01 2.354245481E-01 2.395793874E-01 7.684486831E-03 3.815374440E-01 6.959688421E-02 5.206249741E-02
 -6.106445028E+01 6.032820570E+00 7.590912221E+02 8.701432981E+06 3.714720930E+03 5.940102386E-01 2.352495389E-01 2.398551145E-01 7.676630861E-03 3.817131791E-01 6.945120386E-02 5.198521497E-02
 -5.782956338E+01 5.986535256E+00 7.759268942E+02 8.623987519E+06 3.711779953E+03 6.075271904E-01 2.350743416E-01 2.401311345E-01 7.668753961E-03 3.818893736E-01 6.930537461E-02 5.190776574E-02
 -5.468889648E+01 5.940408834E+00 7.925044824E+02 8.546448095E+06 3.708860137E+03 6.208579304E-01 2.349025929E-01 2.404017315E-01 7.661056637E-03 3.820619720E-01 6.916212254E-02 5.183226772E-02
 -5.163970532E+01 5.892107287E+00 8.090493238E+02 8.469129252E+06 3.705813794E+03 6.341652382E-01 2.347237984E-01 2.406834056E-01 7.653268084E-03 3.822366601E-01 6.901476834E-02 5.175395637E-02
 -4.867932556E+01 5.841351238E+00 8.257672461E+02 8.388530133E+06 3.702425556E+03 6.476579596E-01 2.345102359E-01 2.410197573E-01 7.643972074E-03 3.824424450E-01 6.884280471E-02 5.165731418E-02
 -4.580517044E+01 5.791897431E+00 8.420155601E+02 8.309661124E+06 3.699153123E+03 6.607875608E-01 2.343077401E-01 2.413386960E-01 7.635205141E-03 3.826371712E-01 6.867931418E-02 5.156639295E-02
 -4.301472859E+01 5.743149687E+00 8.579196173E+02 8.231463409E+06 3.695924658E+03 6.736610980E-01 2.341093413E-01 2.416511865E-01 7.626626897E-03 3.828279741E-01 6.851895257E-02 5.147755309E-02
 -4.030556173E+01 5.695423657E+00 8.734339350E+02 8.154402433E+06 3.692746277E+03 6.862421318E-01 2.339142245E-01 2.419585064E-01 7.618183889E-03 3.830158397E-01 6.836119586E-02 5.139018789E-02
 -3.767530265E+01 5.648795516E+00 8.885552907E+02 8.078621216E+06 3.689622481E+03 6.985268897E-01 2.337225424E-01 2.422604148E-01 7.609881235E-03 3.832006316E-01 6.820618249E-02 5.130434205E-02
 -3.512165306E+01 5.603367805E+00 9.032719111E+02 8.004292940E+06 3.686555248E+03 7.105052858E-01 2.335339494E-01 2.425574536E-01 7.601697186E-03 3.833827525E-01 6.805368690E-02 5.121976725E-02
 -3.264238161E+01 5.559168977E+00 9.175797046E+02 7.931589765E+06 3.683573018E+03 7.221683801E-01 2.333521440E-01 2.428438077E-01 7.593822940E-03 3.835582770E-01 6.790648138E-02 5.113852109E-02
 -3.023532195E+01 5.516219467E+00 9.314896286E+02 7.860198152E+06 3.680576041E+03 7.335415304E-01 2.331630801E-01 2.431415599E-01 7.585526807E-03 3.837421426E-01 6.775410018E-02 5.105269430E-02
 -2.789837083E+01 5.473585856E+00 9.451180635E+02 7.790281895E+06 3.677961982E+03 7.446419241E-01 2.330268695E-01 2.433562144E-01 7.579971538E-03 3.838700155E-01 6.764113953E-02 5.099651493E-02
 -2.562948624E+01 5.428486602E+00 9.589653568E+02 7.719097098E+06 3.674662811E+03 7.560042472E-01 2.328089412E-01 2.436993479E-01 7.570275800E-03 3.840834142E-01 6.746637630E-02 5.089592219E-02
 -2.342668567E+01 5.382042714E+00 9.729243507E+02 7.646105844E+06 3.671378894E+03 7.674624240E-01 2.326018186E-01 2.440255076E-01 7.561194010E-03 3.842848750E-01 6.729919873E-02 5.080217769E-02
 -2.128804434E+01 5.337613710E+00 9.863176725E+02 7.575950473E+06 3.668255390E+03 7.784687715E-01 2.324077164E-01 2.443311752E-01 7.552717183E-03 3.844734380E-01 6.714218180E-02 5.071487218E-02
 -1.921169354E+01 5.294560230E+00 9.992807475E+02 7.507575619E+06 3.665224348E+03 7.891392088E-01 2.322204962E-01 2.446260087E-01 7.544549067E-03 3.846553636E-01 6.699058055E-02 5.063085871E-02
 -1.719581897E+01 5.253036320E+00 1.011782198E+03 7.441217919E+06 3.662285486E+03 7.994483453E-01 2.320391536E-01 2.449115850E-01 7.536631507E-03 3.848317747E-01 6.684369665E-02 5.054948757E-02
 -1.523865919E+01 5.213046168E+00 1.023824044E+03 7.376908408E+06 3.659436356E+03 8.093970478E-01 2.318631909E-01 2.451886867E-01 7.528938236E-03 3.850031939E-01 6.670116860E-02 5.047046735E-02
 -1.333850407E+01 5.174611418E+00 1.035404791E+03 7.314737722E+06 3.656684732E+03 8.189814221E-01 2.316934413E-01 2.454560035E-01 7.521511816E-03 3.851687306E-01 6.656363252E-02 5.039424719E-02
 -1.149369327E+01 5.137754578E+00 1.046528821E+03 7.254730894E+06 3.654019126E+03 8.282060641E-01 2.315280386E-01 2.457164687E-01 7.514253777E-03 3.853303770E-01 6.642971151E-02 5.031975556E-02
 -9.702614826E+00 5.102362188E+00 1.057217627E+03 7.196976413E+06 3.651501316E+03 8.370736709E-01 2.313761460E-01 2.459556779E-01 7.507647274E-03 3.854782831E-01 6.630621619E-02 5.025220413E-02
 -7.963703715E+00 5.068426324E+00 1.067524277E+03 7.140530561E+06 3.648849785E+03 8.456835157E-01 2.311982461E-01 2.462357577E-01 7.499625995E-03 3.856546895E-01 6.616367522E-02 5.016931902E-02
 -6.275440500E+00 5.033707474E+00 1.077774011E+03 7.085987625E+06 3.646542886E+03 8.541584052E-01 2.310725656E-01 2.464337339E-01 7.494632483E-03 3.857688652E-01 6.606234906E-02 5.011631464E-02
 -4.636350000E+00 4.992721178E+00 1.089408130E+03 7.022433714E+06 3.643411203E+03 8.638636883E-01 2.308670951E-01 2.467572049E-01 7.485897373E-03 3.859614640E-01 6.590135902E-02 5.002170703E-02
 -3.045000000E+00 4.954692388E+00 1.100303520E+03 6.963274555E+06 3.640542350E+03 8.729548591E-01 2.306829702E-01 2.470470869E-01 7.478123915E-03 3.861335424E-01 6.575666001E-02 4.993769142E-02
 -1.500000000E+00 4.918493654E+00 1.110721896E+03 6.906676028E+06 3.637811247E+03 8.816589219E-01 2.305088570E-01 2.473212103E-01 7.470783860E-03 3.862962444E-01 6.561969183E-02 4.985844622E-02
 0.000000000E+00 4.884049238E+00 1.120670957E+03 6.852527162E+06 3.635203024E+03 8.899833357E-01 2.303429385E-01 2.475824321E-01 7.463788079E-03 3.864513975E-01 6.548911836E-02 4.978297510E-02
 1.500000000E+00 4.850356431E+00 1.130438644E+03 6.799270559E+06 3.632639933E+03 8.981685693E-01 2.301800226E-01 2.478389259E-01 7.456914427E-03 3.866038854E-01 6.536088053E-02 4.970886952E-02
 3.045000000E+00 4.816595633E+00 1.140259589E+03 6.745606020E+06 3.630056783E+03 9.064120206E-01 2.300157240E-01 2.480975948E-01 7.449974204E-03 3.867578535E-01 6.523155216E-02 4.963408677E-02
 4.636350000E+00 4.782893109E+00 1.150086068E+03 6.691742965E+06 3.627467012E+03 9.146736749E-01 2.298512069E-01 2.483566074E-01 7.443021253E-03 3.869121595E-01 6.510201678E-02 4.955921802E-02
 6.275440500E+00 4.749403467E+00 1.159874818E+03 6.637872248E+06 3.624864717E+03 9.229213153E-01 2.296846973E-01 2.486187505E-01 7.435958871E-03 3.870687150E-01 6.497102494E-02 4.948317620E-02
 7.963703715E+00 4.716204444E+00 1.169585088E+03 6.584363394E+06 3.622333081E+03 9.311040593E-01 2.295275491E-01 2.488661746E-01 7.429361151E-03 3.872157976E-01 6.484687705E-02 4.941234180E-02
 9.702614826E+00 4.683272223E+00 1.179268437E+03 6.530231933E+06 3.619565603E+03 9.393331838E-01 2.293362390E-01 2.491672996E-01 7.421014733E-03 3.873984932E-01 6.469783687E-02 4.932209740E-02
 1.149369327E+01 4.646771958E+00 1.189690757E+03 6.473408295E+06 3.617024794E+03 9.480753986E-01 2.292000420E-01 2.493818181E-01 7.415634968E-03 3.875222391E-01 6.458782290E-02 4.926518747E-02
 1.333850407E+01 4.584980082E+00 1.206814967E+03 6.378369628E+06 3.611972372E+03 9.626116408E-01 2.288644072E-01 2.499101246E-01 7.401204886E-03 3.878403741E-01 6.432470802E-02 4.910980742E-02
 1.523865919E+01 4.521653391E+00 1.224488748E+03 6.280298978E+06 3.606867429E+03 9.776336953E-01 2.285349274E-01 2.504287747E-01 7.387156863E-03 3.881517245E-01 6.406537735E-02 4.895903399E-02
 1.719581897E+01 4.461883490E+00 1.241359310E+03 6.186814235E+06 3.602027656E+03 9.920101423E-01 2.282247801E-01 2.509169966E-01 7.373942660E-03 3.884450518E-01 6.382098117E-02 4.881744795E-02
 1.921169354E+01 4.402215666E+00 1.258382748E+03 6.092473067E+06 3.597141526E+03 1.006563400E+00 2.279112302E-01 2.514105686E-01 7.360552880E-03 3.887422894E-01 6.357390308E-02 4.867412321E-02
 2.128804434E+01 4.338846233E+00 1.276659957E+03 5.991238087E+06 3.591924833E+03 1.022234054E+00 2.275786726E-01 2.519340648E-01 7.346357860E-03 3.890578708E-01 6.331155900E-02 4.852243791E-02
 2.342668567E+01 4.307834200E+00 1.285689234E+03 5.941287539E+06 3.589350574E+03 1.029993360E+00 2.274142615E-01 2.521928680E-01 7.339419114E-03 3.892120850E-01 6.318277740E-02 4.844733914E-02
 2.562948624E+01 4.297172066E+00 1.288615072E+03 5.924954546E+06 3.588491344E+03 1.032499512E+00 2.273612301E-01 2.522763473E-01 7.337300838E-03 3.892594691E-01 6.314184800E-02 4.842354238E-02
 2.789837083E+01 4.287237230E+00 1.291304162E+03 5.909946964E+06 3.587628381E+03 1.034815302E+00 2.273028048E-01 2.523682956E-01 7.334883473E-03 3.893126282E-01 6.309727221E-02 4.839628201E-02
 3.023532195E+01 4.270563717E+00 1.295834302E+03 5.884788310E+06 3.586209049E+03 1.038710826E+00 2.272091999E-01 2.525156169E-01 7.331047007E-03 3.893973918E-01 6.302561800E-02 4.835307565E-02
 3.264238161E+01 4.237055316E+00 1.305008521E+03 5.833975333E+06 3.583338698E+03 1.046610292E+00 2.270194756E-01 2.528142143E-01 7.323258319E-03 3.895694242E-01 6.288041671E-02 4.826539231E-02
 3.512165306E+01 4.177350512E+00 1.321525763E+03 5.742649982E+06 3.578185636E+03 1.060866677E+00 2.266791495E-01 2.533498339E-01 7.309271029E-03 3.898784724E-01 6.261989673E-02 4.810807114E-02
 3.767530265E+01 4.081653126E+00 1.348579818E+03 5.593421834E+06 3.569564054E+03 1.084377097E+00 2.260901807E-01 2.542766986E-01 7.284701733E-03 3.904182908E-01 6.217085314E-02 4.783173105E-02
 4.030556173E+01 3.978676662E+00 1.377766596E+03 5.433014701E+06 3.561372522E+03 1.109588248E+00 2.256279348E-01 2.550044564E-01 7.266800688E-03 3.908270828E-01 6.180914590E-02 4.763286088E-02
 4.301472859E+01 3.881108718E+00 1.404897404E+03 5.284661147E+06 3.551936745E+03 1.133457964E+00 2.249557782E-01 2.560620631E-01 7.238277310E-03 3.914501638E-01 6.129860031E-02 4.731258120E-02
 4.580517044E+01 3.791172719E+00 1.430195778E+03 5.147281258E+06 3.543630357E+03 1.155700952E+00 2.244050412E-01 2.569287320E-01 7.215423088E-03 3.919558187E-01 6.087638128E-02 4.705734573E-02
 4.867932556E+01 3.708114562E+00 1.454414658E+03 5.016510307E+06 3.535185635E+03 1.177279395E+00 2.237932604E-01 2.578912823E-01 7.189174528E-03 3.925281827E-01 6.041240301E-02 4.676336967E-02
 5.163970532E+01 3.646732769E+00 1.471652555E+03 4.923931977E+06 3.530125713E+03 1.192360674E+00 2.235207268E-01 2.583203319E-01 7.178989849E-03 3.927642379E-01 6.019915683E-02 4.664924584E-02
 5.468889648E+01 3.596812327E+00 1.485628963E+03 4.849356162E+06 3.525037871E+03 1.204828525E+00 2.231580013E-01 2.588909963E-01 7.164248881E-03 3.930864524E-01 5.993038347E-02 4.647629936E-02
 5.782956338E+01 3.548439165E+00 1.499312813E+03 4.776646361E+06 3.520202700E+03 1.217036901E+00 2.228243764E-01 2.594159052E-01 7.150832485E-03 3.933814606E-01 5.968219520E-02 4.631914627E-02
 6.106445028E+01 3.497017711E+00 1.514019293E+03 4.698752942E+06 3.515126279E+03 1.230171780E+00 2.224834120E-01 2.599523849E-01 7.137238613E-03 3.936819156E-01 5.942769343E-02 4.616017361E-02
 6.439638379E+01 3.435443831E+00 1.532132598E+03 4.603219863E+06 3.508505478E+03 1.246543245E+00 2.220003961E-01 2.607122520E-01 7.117341619E-03 3.941154278E-01 5.907063249E-02 4.592736121E-02
 6.782827530E+01 3.368165060E+00 1.551409626E+03 4.502127456E+06 3.502457489E+03 1.263681760E+00 2.216565221E-01 2.612534735E-01 7.104553403E-03 3.944086372E-01 5.880808207E-02 4.577896674E-02
 7.136312356E+01 3.292420918E+00 1.572999937E+03 4.389796017E+06 3.494211091E+03 1.283284321E+00 2.210628308E-01 2.621874163E-01 7.080182907E-03 3.949413220E-01 5.836802917E-02 4.549462777E-02
 7.500401727E+01 3.204678738E+00 1.598803049E+03 4.256781667E+06 3.484325896E+03 1.306901427E+00 2.203387066E-01 2.633264995E-01 7.050186299E-03 3.955953435E-01 5.783230120E-02 4.514511105E-02
 7.875413778E+01 3.113477662E+00 1.625520908E+03 4.120512064E+06 3.475639407E+03 1.330986790E+00 2.198410469E-01 2.641096737E-01 7.031470448E-03 3.960244281E-01 5.745209983E-02 4.492940572E-02
 8.261676192E+01 3.024126522E+00 1.651626725E+03 3.989081029E+06 3.465097461E+03 1.355098645E+00 2.190615102E-01 2.653358075E-01 7.000243728E-03 3.967046435E-01 5.688736979E-02 4.455211654E-02
 8.659526478E+01 2.935558476E+00 1.678626799E+03 3.854872964E+06 3.453916585E+03 1.380363788E+00 2.181948693E-01 2.666988334E-01 6.965152958E-03 3.974632254E-01 5.626581948E-02 4.412496161E-02
 9.069312272E+01 2.854143386E+00 1.702870059E+03 3.736058893E+06 3.445522578E+03 1.402541477E+00 2.176993944E-01 2.674784144E-01 6.947216775E-03 3.978730370E-01 5.589856545E-02 4.390704840E-02
 9.491391640E+01 2.774964024E+00 1.726791166E+03 3.620590273E+06 3.435706688E+03 1.424965139E+00 2.169800233E-01 2.686098443E-01 6.918582186E-03 3.984986050E-01 5.537896936E-02 4.355967785E-02
 9.926133389E+01 2.694947922E+00 1.751979036E+03 3.500787343E+06 3.425322713E+03 1.448828309E+00 2.161983935E-01 2.698391368E-01 6.887058146E-03 3.991843881E-01 5.481604847E-02 4.317795485E-02
 1.037391739E+02 2.617339324E+00 1.775791323E+03 3.389324858E+06 3.416403633E+03 1.471046776E+00 2.156322716E-01 2.707296794E-01 6.865695569E-03 3.996651372E-01 5.439971153E-02 4.292015077E-02
 1.083513491E+02 2.536456699E+00 1.801461210E+03 3.271153428E+06 3.405085915E+03 1.495670660E+00 2.147510258E-01 2.721154819E-01 6.831314437E-03 4.004093796E-01 5.378272894E-02 4.248489657E-02
 1.131018896E+02 2.453861977E+00 1.827918969E+03 3.151562671E+06 3.395564061E+03 1.520476946E+00 2.141859204E-01 2.730044553E-01 6.811733362E-03 4.008586749E-01 5.337475150E-02 4.223540727E-02
 1.179949463E+02 2.369751621E+00 1.855146810E+03 3.030866717E+06 3.382920942E+03 1.547004962E+00 2.131738998E-01 2.745957820E-01 6.771721035E-03 4.017217303E-01 5.266785892E-02 4.173072795E-02
 1.230347947E+02 2.284824014E+00 1.883443337E+03 2.907942543E+06 3.371434354E+03 1.574263312E+00 2.123757112E-01 2.758510654E-01 6.741719398E-03 4.023860625E-01 5.210193757E-02 4.135215613E-02
 1.282258385E+02 2.201470830E+00 1.911203138E+03 2.789997818E+06 3.359089006E+03 1.601399501E+00 2.114481949E-01 2.773095517E-01 6.705705013E-03 4.031723271E-01 5.144952324E-02 4.089925753E-02
 1.335726137E+02 2.118356243E+00 1.939950885E+03 2.670549862E+06 3.346326594E+03 1.629702049E+00 2.104860822E-01 2.788223806E-01 6.670015583E-03 4.039517317E-01 5.079018808E-02 4.042854541E-02
 1.390797921E+02 2.037075706E+00 1.968004923E+03 2.556781174E+06 3.333835649E+03 1.657355096E+00 2.095689834E-01 2.802644259E-01 6.636309697E-03 4.046921074E-01 5.015975419E-02 3.998436821E-02
 1.447521858E+02 1.955993622E+00 1.997100312E+03 2.441675766E+06 3.320683113E+03 1.686403274E+00 2.085741834E-01 2.818285734E-01 6.599156955E-03 4.055038183E-01 4.947798800E-02 3.949661365E-02
 1.505947514E+02 1.876508633E+00 2.025761642E+03 2.331275126E+06 3.307434217E+03 1.715181436E+00 2.075711245E-01 2.834056599E-01 6.561603172E-03 4.063247523E-01 4.879036812E-02 3.900471704E-02
 1.566125940E+02 1.797894630E+00 2.055072165E+03 2.221458143E+06 3.294527218E+03 1.744583280E+00 2.066495541E-01 2.848546630E-01 6.528831348E-03 4.070507721E-01 4.816412443E-02 3.856232093E-02
 1.628109718E+02 1.720679447E+00 2.084426183E+03 2.114624334E+06 3.279517881E+03 1.774911407E+00 2.054096317E-01 2.868039018E-01 6.482866142E-03 4.080416234E-01 4.734171780E-02 3.793566728E-02
 1.691953009E+02 1.645015870E+00 2.113804941E+03 2.010933986E+06 3.267329376E+03 1.804366015E+00 2.046316572E-01 2.880271862E-01 6.457191265E-03 4.086274979E-01 4.681271606E-02 3.757934683E-02
 1.757711600E+02 1.570318481E+00 2.143973429E+03 1.907743747E+06 3.250483700E+03 1.836603343E+00 2.031251980E-01 2.903952178E-01 6.399393510E-03 4.098583255E-01 4.582034322E-02 3.679803497E-02
 1.825442948E+02 1.497671555E+00 2.173551688E+03 1.809896395E+06 3.237344639E+03 1.866877514E+00 2.022301424E-01 2.918024201E-01 6.369665337E-03 4.105279381E-01 4.522520320E-02 3.637611564E-02
 1.895206236E+02 1.426657690E+00 2.203785891E+03 1.713219660E+06 3.221553990E+03 1.899070401E+00 2.009272064E-01 2.938505407E-01 6.323146443E-03 4.115342461E-01 4.438197977E-02 3.571646157E-02
 1.967062423E+02 1.358220071E+00 2.233501921E+03 1.621492190E+06 3.206204049E+03 1.930800811E+00 1.996868023E-01 2.958003541E-01 6.279121154E-03 4.124908463E-01 4.357810281E-02 3.509237664E-02
 2.041074296E+02 1.291954422E+00 2.263054869E+03 1.533552931E+06 3.193033984E+03 1.961673767E+00 1.988020882E-01 2.971912055E-01 6.250298363E-03 4.131443459E-01 4.299546567E-02 3.467698307E-02
 2.117306525E+02 1.227184777E+00 2.293386618E+03 1.446576855E+06 3.174907328E+03 1.995607743E+00 1.971447797E-01 2.997960632E-01 6.190236459E-03 4.144238185E-01 4.194927793E-02 3.381002611E-02
 2.195825720E+02 1.164414288E+00 2.323176398E+03 1.364415537E+06 3.159808784E+03 2.027836702E+00 1.959861742E-01 3.016172280E-01 6.151723301E-03 4.152734720E-01 4.121382837E-02 3.323677402E-02
 2.276700492E+02 1.103335622E+00 2.353215879E+03 1.284848741E+06 3.145698437E+03 2.060106412E+00 1.949996968E-01 3.031678920E-01 6.120386479E-03 4.159809920E-01 4.058337491E-02 3.276530241E-02
 2.360001507E+02 1.044277909E+00 2.383699626E+03 1.207369478E+06 3.127133378E+03 2.095107992E+00 1.932951929E-01 3.058467972E-01 6.059503295E-03 4.172796490E-01 3.952218649E-02 3.187070914E-02
 2.445801552E+02 9.878734194E-01 2.413507787E+03 1.134774117E+06 3.110875563E+03 2.128516695E+00 1.919805781E-01 3.079129983E-01 6.016530861E-03 4.182219041E-01 3.871097228E-02 3.120752231E-02
 2.534175599E+02 9.338498356E-01 2.443082335E+03 1.065829940E+06 3.095972976E+03 2.161356687E+00 1.908764354E-01 3.096484448E-01 5.981931281E-03 4.189966234E-01 3.802638815E-02 3.066700948E-02
 2.625200867E+02 8.820166806E-01 2.472758102E+03 9.996763383E+05 3.078831629E+03 2.195677577E+00 1.893978834E-01 3.119721818E-01 5.931839736E-03 4.200805348E-01 3.711987354E-02 2.990372865E-02
 2.718956893E+02 8.322169182E-01 2.502497254E+03 9.363257925E+05 3.060544786E+03 2.230781518E+00 1.877676044E-01 3.145342896E-01 5.877666334E-03 4.212498385E-01 3.613834663E-02 2.905402548E-02
 2.815525599E+02 7.846061211E-01 2.531740805E+03 8.768889854E+05 3.044597994E+03 2.264470208E+00 1.865134412E-01 3.165053661E-01 5.838815578E-03 4.221130180E-01 3.538267158E-02 2.842582923E-02
 2.914991367E+02 7.391214260E-01 2.560909462E+03 8.203782326E+05 3.029141104E+03 2.298167462E+00 1.853283296E-01 3.183679144E-01 5.802504887E-03 4.229248986E-01 3.466886513E-02 2.783680100E-02
 3.017441108E+02 6.958404276E-01 2.590013651E+03 7.666727825E+05 3.010765954E+03 2.333526974E+00 1.836730721E-01 3.209691709E-01 5.748324020E-03 4.240959313E-01 3.368788696E-02 2.696956710E-02
 3.122964342E+02 6.546431453E-01 2.618991700E+03 7.157679436E+05 2.992140993E+03 2.369122852E+00 1.820020527E-01 3.235951581E-01 5.695192267E-03 4.252498864E-01 3.271001396E-02 2.609522644E-02
 3.231653272E+02 6.155151071E-01 2.647396869E+03 6.683260646E+05 2.975802663E+03 2.403251561E+00 1.806755829E-01 3.256797295E-01 5.655026143E-03 4.261421951E-01 3.193249522E-02 2.542173965E-02
 3.343602870E+02 5.783169000E-01 2.675669287E+03 6.234642412E+05 2.959821790E+03 2.437404829E+00 1.793920574E-01 3.276967996E-01 5.616338092E-03 4.270040038E-01 3.118198552E-02 2.477152002E-02
 3.458910956E+02 5.430131953E-01 2.703823892E+03 5.810549675E+05 2.942079450E+03 2.472432375E+00 1.778841157E-01 3.300664591E-01 5.571576663E-03 4.279972076E-01 3.031582847E-02 2.399496107E-02
 3.577678285E+02 5.095991090E-01 2.731835618E+03 5.410259390E+05 2.923097363E+03 2.508406773E+00 1.761501867E-01 3.327911816E-01 5.517977703E-03 4.291657989E-01 2.932512404E-02 2.308072594E-02
 3.700008633E+02 4.780229012E-01 2.759434655E+03 5.036402083E+05 2.905320331E+03 2.543697560E+00 1.745763172E-01 3.352643833E-01 5.469968860E-03 4.302190972E-01 2.842817763E-02 2.225700794E-02
 3.826008892E+02 4.481897377E-01 2.786615653E+03 4.687657483E+05 2.888440472E+03 2.578075579E+00 1.732091672E-01 3.374127476E-01 5.432012091E-03 4.310818905E-01 2.765644736E-02 2.156324651E-02
 3.955789159E+02 4.200133019E-01 2.813570112E+03 4.360327092E+05 2.871865110E+03 2.612408611E+00 1.718695241E-01 3.395178723E-01 5.394981141E-03 4.319244065E-01 2.690401205E-02 2.088306433E-02
 4.089462834E+02 3.934607414E-01 2.840268593E+03 4.053546174E+05 2.854391604E+03 2.647362322E+00 1.703587705E-01 3.418918360E-01 5.351369836E-03 4.328972936E-01 2.605962461E-02 2.009769010E-02
 4.227146719E+02 3.684754708E-01 2.866754652E+03 3.766202938E+05 2.835573410E+03 2.683043543E+00 1.686730833E-01 3.445406433E-01 5.302752189E-03 4.339807153E-01 2.512286586E-02 1.921271031E-02
 4.368961120E+02 3.449575148E-01 2.892917002E+03 3.496589481E+05 2.816363771E+03 2.718887618E+00 1.669593656E-01 3.472334734E-01 5.254513013E-03 4.350650399E-01 2.417654257E-02 1.831470591E-02
 4.515029954E+02 3.231203685E-01 2.918558613E+03 3.251824676E+05 2.800035429E+03 2.752799346E+00 1.656231993E-01 3.493330592E-01 5.218876410E-03 4.358847933E-01 2.344308484E-02 1.763210583E-02
 4.666917666E+02 3.020084132E-01 2.944381770E+03 3.016256822E+05 2.783166687E+03 2.787511462E+00 1.642317441E-01 3.515195065E-01 5.181845872E-03 4.367373284E-01 2.268255677E-02 1.691892471E-02
 4.818805379E+02 2.828093477E-01 2.969077077E+03 2.803000894E+05 2.766563038E+03 2.820989085E+00 1.629259549E-01 3.535713327E-01 5.149664559E-03 4.375065012E-01 2.197048616E-02 1.626322612E-02
 4.970693091E+02 2.653396649E-01 2.992706354E+03 2.610080444E+05 2.748954203E+03 2.854333121E+00 1.614063380E-01 3.559591160E-01 5.109538223E-03 4.384337917E-01 2.114514090E-02 1.547468852E-02
 5.122580803E+02 2.493570264E-01 3.015562481E+03 2.433412487E+05 2.730814570E+03 2.887728038E+00 1.597417585E-01 3.585746550E-01 5.063744397E-03 4.394712958E-01 2.024506224E-02 1.459288842E-02
 5.274468516E+02 2.347154199E-01 3.037210595E+03 2.274889089E+05 2.715329968E+03 2.918114518E+00 1.585245049E-01 3.604873273E-01 5.034870275E-03 4.401768884E-01 1.958700653E-02 1.398222883E-02
 5.426356228E+02 2.212384097E-01 3.058086459E+03 2.129905740E+05 2.701036204E+03 2.947252410E+00 1.574498773E-01 3.621758912E-01 5.010724717E-03 4.407829556E-01 1.900913094E-02 1.345208790E-02
 5.578243940E+02 2.088190550E-01 3.078341745E+03 1.996321473E+05 2.685261715E+03 2.976946299E+00 1.561261140E-01 3.642558943E-01 4.978041988E-03 4.415653395E-01 1.829805201E-02 1.277210834E-02
 5.730131652E+02 1.973531310E-01 3.097919106E+03 1.873555226E+05 2.669294951E+03 3.006397567E+00 1.547229791E-01 3.664605990E-01 4.942175147E-03 4.424084456E-01 1.754754830E-02 1.203930940E-02
 5.882019365E+02 1.867675679E-01 3.116609438E+03 1.762036069E+05 2.655776412E+03 3.033253292E+00 1.537291938E-01 3.680221156E-01 4.921277586E-03 4.429564402E-01 1.701466411E-02 1.155475569E-02
 6.033907077E+02 1.769621571E-01 3.134793618E+03 1.658682261E+05 2.641832170E+03 3.060001727E+00 1.526844714E-01 3.696636594E-01 4.899254303E-03 4.435355624E-01 1.645322063E-02 1.104249720E-02
 6.185794789E+02 1.678691986E-01 3.152466240E+03 1.562860007E+05 2.626000186E+03 3.087567489E+00 1.513646793E-01 3.717373918E-01 4.868482693E-03 4.443030684E-01 1.574320582E-02 1.036912407E-02
 6.337682502E+02 1.594480412E-01 3.169233351E+03 1.476113324E+05 2.614120872E+03 3.112044415E+00 1.504870986E-01 3.731163070E-01 4.850304922E-03 4.447810817E-01 1.528063571E-02 9.939205187E-03
 6.489570214E+02 1.516146698E-01 3.185716484E+03 1.394634922E+05 2.600435597E+03 3.137556566E+00 1.493787152E-01 3.748578591E-01 4.825332168E-03 4.454135379E-01 1.469108266E-02 9.378050339E-03
 6.641457926E+02 1.443400561E-01 3.201555222E+03 1.319759972E+05 2.586312027E+03 3.162135463E+00 1.483609211E-01 3.764570709E-01 4.806220397E-03 4.459640096E-01 1.413738727E-02 8.891328805E-03
 6.793345638E+02 1.375793578E-01 3.216774203E+03 1.250919596E+05 2.575224748E+03 3.184661804E+00 1.476323907E-01 3.776017829E-01 4.794266860E-03 4.463328424E-01 1.374961734E-02 8.555782816E-03
 6.945233351E+02 1.312764671E-01 3.231737297E+03 1.186034399E+05 2.560229020E+03 3.209340557E+00 1.464449614E-01 3.794675203E-01 4.769461733E-03 4.470025703E-01 1.310691316E-02 7.964893810E-03
 7.097121063E+02 1.254179638E-01 3.245806777E+03 1.127563237E+05 2.549943471E+03 3.230434626E+00 1.457388751E-01 3.805769606E-01 4.757142204E-03 4.473655405E-01 1.273642624E-02 7.631767967E-03
 7.249008775E+02 1.199389770E-01 3.259809145E+03 1.071678257E+05 2.536735604E+03 3.253543816E+00 1.446845165E-01 3.822336085E-01 4.735012831E-03 4.479575409E-01 1.217338350E-02 7.103705186E-03
 7.400896488E+02 1.148425876E-01 3.272991996E+03 1.021152947E+05 2.525597482E+03 3.273826421E+00 1.440126561E-01 3.832892674E-01 4.726773252E-03 4.482799369E-01 1.180778124E-02 6.812618100E-03
 7.552784200E+02 1.100773376E-01 3.286032090E+03 9.730608528E+04 2.513291053E+03 3.294983497E+00 1.432059992E-01 3.845567181E-01 4.714971231E-03 4.486900858E-01 1.136655634E-02 6.447241411E-03
 7.704671912E+02 1.056422920E-01 3.298309772E+03 9.294823372E+04 2.502356992E+03 3.314474371E+00 1.424982468E-01 3.856687664E-01 4.704913554E-03 4.490435174E-01 1.098404832E-02 6.128063936E-03
 7.856559625E+02 1.014977120E-01 3.310405699E+03 8.880758440E+04 2.491105129E+03 3.334365163E+00 1.417342996E-01 3.868691065E-01 4.693069708E-03 4.494362181E-01 1.057124980E-02 5.774943586E-03
 8.008447337E+02 9.764703024E-02 3.321714127E+03 8.507414386E+04 2.481207906E+03 3.352477648E+00 1.410729571E-01 3.879082307E-01 4.683148356E-03 4.497694188E-01 1.021846405E-02 5.470956377E-03
 8.160335049E+02 9.405117629E-02 3.332906706E+03 8.150264211E+04 2.470301802E+03 3.371478369E+00 1.402904347E-01 3.891377524E-01 4.669933482E-03 4.501824027E-01 9.798140582E-03 5.099197591E-03
 8.312222761E+02 9.071456975E-02 3.343322676E+03 7.828964201E+04 2.461035537E+03 3.388078421E+00 1.397666551E-01 3.899607337E-01 4.665487659E-03 4.504171512E-01 9.515171119E-03 4.883359311E-03
 8.464110474E+02 8.761556599E-02 3.353553343E+03 7.523297425E+04 2.449781424E+03 3.405596822E+00 1.391199993E-01 3.909767778E-01 4.660045189E-03 4.507173657E-01 9.154721678E-03 4.617252270E-03
 8.615998186E+02 8.475306443E-02 3.363075715E+03 7.247464862E+04 2.441519484E+03 3.420857360E+00 1.386784309E-01 3.916705854E-01 4.657472984E-03 4.509044437E-01 8.916309216E-03 4.443282456E-03
 8.767885898E+02 8.211306707E-02 3.372093707E+03 6.993980879E+04 2.431866407E+03 3.436190952E+00 1.381120078E-01 3.925605644E-01 4.652372026E-03 4.511684126E-01 8.604133538E-03 4.206594287E-03
 8.919773611E+02 7.967073805E-02 3.380829408E+03 6.755270893E+04 2.423136762E+03 3.451127070E+00 1.375975676E-01 3.933688664E-01 4.647682799E-03 4.514070491E-01 8.323102122E-03 3.990510314E-03
 9.071661323E+02 7.742434890E-02 3.388805840E+03 6.543195528E+04 2.415517120E+03 3.464367513E+00 1.371527464E-01 3.940677811E-01 4.643798666E-03 4.516094994E-01 8.082883656E-03 3.804478170E-03
 9.223549035E+02 7.536004766E-02 3.396378504E+03 6.347005156E+04 2.407795352E+03 3.477326756E+00 1.366837316E-01 3.948047081E-01 4.639106767E-03 4.518303943E-01 7.828299338E-03 3.603616017E-03
 9.375436748E+02 7.346223253E-02 3.403640252E+03 6.163291560E+04 2.400663317E+03 3.489924387E+00 1.362457067E-01 3.954929428E-01 4.634579974E-03 4.520374349E-01 7.591785223E-03 3.414469407E-03
 9.527324460E+02 7.173701555E-02 3.410154048E+03 6.002218466E+04 2.394492688E+03 3.500881327E+00 1.358701001E-01 3.960831044E-01 4.630829879E-03 4.522119749E-01 7.391126193E-03 3.252898651E-03
 9.679212172E+02 7.017368482E-02 3.416246512E+03 5.854714107E+04 2.387594670E+03 3.511422091E+00 1.355355510E-01 3.966087559E-01 4.631079482E-03 4.523389982E-01 7.207707760E-03 3.134856958E-03
 9.831099884E+02 6.877335059E-02 3.421897052E+03 5.720550705E+04 2.381293865E+03 3.521288487E+00 1.352433083E-01 3.970679346E-01 4.632012891E-03 4.524437008E-01 7.047339316E-03 3.036707628E-03
 9.982987597E+02 6.753109574E-02 3.427040919E+03 5.600504565E+04 2.375885718E+03 3.530266601E+00 1.349926068E-01 3.974618429E-01 4.632826612E-03 4.525326085E-01 6.910775891E-03 2.952398138E-03
 1.013487531E+03 6.645001952E-02 3.431418039E+03 5.499938027E+04 2.371004345E+03 3.537815192E+00 1.347630557E-01 3.978225188E-01 4.633439112E-03 4.526155805E-01 6.785383252E-03 2.874257783E-03
 1.028676302E+03 6.552311219E-02 3.435215741E+03 5.413849755E+04 2.366604863E+03 3.544448651E+00 1.345522639E-01 3.981537193E-01 4.633835154E-03 4.526938338E-01 6.669773174E-03 2.801266997E-03
 1.043865073E+03 6.474581752E-02 3.438457270E+03 5.341195112E+04 2.362974535E+03 3.550115801E+00 1.343780016E-01 3.984275240E-01 4.634151823E-03 4.527583362E-01 6.574590127E-03 2.740753304E-03
 1.059053845E+03 6.411216068E-02 3.441143641E+03 5.281539664E+04 2.360015127E+03 3.554839001E+00 1.342352426E-01 3.986518299E-01 4.634382933E-03 4.528113646E-01 6.496753518E-03 2.690919255E-03
 1.074242616E+03 6.361342980E-02 3.443287131E+03 5.234292149E+04 2.357678201E+03 3.558629847E+00 1.341219657E-01 3.988298130E-01 4.634544098E-03 4.528536238E-01 6.435054621E-03 2.651182567E-03
 1.089431387E+03 6.323768500E-02 3.444918853E+03 5.198517255E+04 2.355911205E+03 3.561530550E+00 1.340359697E-01 3.989649316E-01 4.634652409E-03 4.528858274E-01 6.388245822E-03 2.620895060E-03
 1.104620158E+03 6.297224613E-02 3.446080629E+03 5.173148315E+04 2.354658463E+03 3.563604343E+00 1.339748063E-01 3.990610327E-01 4.634721504E-03 4.529088047E-01 6.354965944E-03 2.599286383E-03
 1.119808930E+03 6.279743711E-02 3.446847955E+03 5.156393783E+04 2.353829994E+03 3.564980269E+00 1.339342515E-01 3.991247533E-01 4.634762974E-03 4.529240845E-01 6.332900137E-03 2.584923129E-03
 1.134997701E+03 6.270759417E-02 3.447242155E+03 5.147766061E+04 2.353402312E+03 3.565690221E+00 1.339132731E-01 3.991577150E-01 4.634782661E-03 4.529320089E-01 6.321483233E-03 2.577479447E-03

