# Exit profile TIC nozzle / chemical equilibrium
# Columns:
# 1: Radius [mm]
# 2: Density [kg/m3]
# 3: axial velocity [m/s]
# 4: radial velocity [m/s]
# 5: pressure [Pa]
# 6: dynamic turbulent eddy viscosity [Pa s]
# 7: temperature [K]
# 8: Mach number [1]
# 9-14: Mass fractions of major species: CO, CO2, H2, H2O, OH, O2
 4.624959644E+02 7.274930874E-01 0.000000000E+00 0.000000000E+00 1.257770544E+05 0.000000000E+00 5.000000000E+02 0.000000000E+00 1.578628677E-03 6.070810637E-01 1.360104301E-02 3.777392332E-01 2.967311227E-24 3.199880000E-32
 4.624945769E+02 5.903002174E-01 1.171980321E+02 2.033527312E+01 1.257694350E+05 2.982283250E-08 6.162434633E+02 2.300329078E-01 6.645967869E-03 5.991192868E-01 1.323634219E-02 3.809983566E-01 2.034959171E-18 1.696136724E-30
 4.624928426E+02 4.993012020E-01 2.392101711E+02 4.148990045E+01 1.257652508E+05 3.148115331E-07 7.287027254E+02 4.355562611E-01 1.528079953E-02 5.855522976E-01 1.261488645E-02 3.865519579E-01 2.129391847E-15 5.991723227E-25
 4.624906746E+02 4.323676785E-01 3.690621006E+02 6.401126072E+01 1.257679177E+05 1.253831155E-06 8.411653241E+02 6.286197649E-01 2.943651598E-02 5.633109441E-01 1.159608879E-02 3.956563862E-01 1.735156397E-14 5.259987314E-24
 4.624879647E+02 3.806701540E-01 5.072364376E+02 8.796863058E+01 1.257690329E+05 3.463666446E-06 9.553464002E+02 8.127736726E-01 4.511841009E-02 5.386716770E-01 1.046745118E-02 4.057423950E-01 3.873901590E-12 8.932754660E-20
 4.624845773E+02 3.397357817E-01 6.519430266E+02 1.130559658E+02 1.257693434E+05 7.987173127E-06 1.070552811E+03 9.883159388E-01 6.007801506E-02 5.151672669E-01 9.390797045E-03 4.153638542E-01 2.050752028E-10 1.250447291E-16
 4.624803430E+02 3.074720651E-01 7.989302443E+02 1.385360771E+02 1.257686045E+05 1.678348902E-05 1.183590348E+03 1.153153782E+00 7.305371789E-02 4.947799485E-01 8.456923641E-03 4.237093378E-01 4.029122114E-09 3.131466153E-14
 4.624750501E+02 2.821572737E-01 9.410585776E+02 1.631739763E+02 1.257666967E+05 3.355803503E-05 1.289504445E+03 1.302434434E+00 8.348488705E-02 4.783905807E-01 7.706174706E-03 4.304182462E-01 3.258799462E-08 1.674890111E-12
 4.624684341E+02 2.631510358E-01 1.069492917E+03 1.854376334E+02 1.257625944E+05 6.568494626E-05 1.382640189E+03 1.430647342E+00 9.118957575E-02 4.662850365E-01 7.151636744E-03 4.353735157E-01 1.258058348E-07 8.577581987E-12
 4.624601640E+02 2.491717123E-01 1.177774438E+03 2.042076295E+02 1.257569394E+05 1.243127754E-04 1.459297274E+03 1.534500731E+00 9.652920254E-02 4.578954572E-01 6.767271154E-03 4.388072222E-01 6.375045048E-07 2.179104070E-10
 4.624498264E+02 2.392825761E-01 1.265752782E+03 2.194566360E+02 1.257520159E+05 2.201580472E-04 1.520143137E+03 1.616822900E+00 1.005597227E-01 4.515627357E-01 6.477124918E-03 4.413989561E-01 1.153117007E-06 4.431905783E-10
 4.624369044E+02 2.317098428E-01 1.338299871E+03 2.320301034E+02 1.257487217E+05 3.548286736E-04 1.569091387E+03 1.683300040E+00 1.032882058E-01 4.472757630E-01 6.280637208E-03 4.431517445E-01 3.103466184E-06 3.923362924E-09
 4.624207519E+02 2.258663270E-01 1.400956314E+03 2.428893889E+02 1.257457400E+05 5.247520790E-04 1.610270279E+03 1.740254103E+00 1.054878203E-01 4.438197444E-01 6.122217022E-03 4.445643610E-01 5.075660945E-06 7.640606264E-09
 4.624005613E+02 2.208716889E-01 1.457899811E+03 2.527562642E+02 1.257420899E+05 7.255374488E-04 1.646701323E+03 1.791503701E+00 1.074338206E-01 4.407622028E-01 5.982060279E-03 4.458140598E-01 6.861641686E-06 1.108563090E-08
 4.623753231E+02 2.163624591E-01 1.511827083E+03 2.620975111E+02 1.257364784E+05 9.594324920E-04 1.680267497E+03 1.839645523E+00 1.090029159E-01 4.382968500E-01 5.869020803E-03 4.468177827E-01 1.198056146E-05 4.172636203E-08
 4.623437753E+02 2.123361800E-01 1.564308455E+03 2.711860057E+02 1.257288849E+05 1.235329783E-03 1.712013097E+03 1.886419505E+00 1.103857707E-01 4.361241162E-01 5.769382771E-03 4.477002459E-01 1.847918929E-05 8.439094423E-08
 4.623043405E+02 2.086682952E-01 1.616224555E+03 2.801731954E+02 1.257187999E+05 1.565408928E-03 1.742514898E+03 1.932630264E+00 1.117144586E-01 4.340364892E-01 5.673646065E-03 4.485480307E-01 2.482746302E-05 1.267667706E-07
 4.622550470E+02 2.052183178E-01 1.668077654E+03 2.891445409E+02 1.257060451E+05 1.964293170E-03 1.772093805E+03 1.978638240E+00 1.130029563E-01 4.320120089E-01 5.580803625E-03 4.493700638E-01 3.108390822E-05 1.691989467E-07
 4.621934302E+02 2.018119377E-01 1.720179151E+03 2.981504002E+02 1.256901801E+05 2.447953006E-03 1.800920426E+03 2.024587458E+00 1.141314331E-01 4.302389503E-01 5.499624473E-03 4.500803684E-01 4.541970540E-05 4.110684396E-07
 4.621164091E+02 1.986274709E-01 1.772715875E+03 3.072227827E+02 1.256696663E+05 3.038166365E-03 1.829109445E+03 2.070962259E+00 1.151482993E-01 4.286412525E-01 5.426578833E-03 4.507129122E-01 6.523196993E-05 7.927989512E-07
 4.620201328E+02 1.956403589E-01 1.825806967E+03 3.163825892E+02 1.256441316E+05 3.757486556E-03 1.856720182E+03 2.117836095E+00 1.161443808E-01 4.270762117E-01 5.355029297E-03 4.513322197E-01 8.491626555E-05 1.177652032E-06
 4.618997874E+02 1.928247869E-01 1.879568557E+03 3.256444981E+02 1.256125530E+05 4.630619947E-03 1.883830681E+03 2.165304808E+00 1.171224858E-01 4.255394154E-01 5.284773851E-03 4.519400659E-01 1.045019643E-04 1.565676521E-06
 4.617493557E+02 1.901468716E-01 1.934117451E+03 3.350247622E+02 1.255726865E+05 5.683126178E-03 1.910529755E+03 2.213465056E+00 1.180703896E-01 4.240500708E-01 5.216817459E-03 4.525245304E-01 1.275509259E-04 2.184222544E-06
 4.615613160E+02 1.873898629E-01 1.989627999E+03 3.445306756E+02 1.255268792E+05 6.933188078E-03 1.936902946E+03 2.262266311E+00 1.188787314E-01 4.227800013E-01 5.159954782E-03 4.529855373E-01 1.801339693E-04 4.728052574E-06
 4.613262664E+02 1.847320213E-01 2.046325522E+03 3.541903673E+02 1.254668258E+05 8.406160684E-03 1.963195186E+03 2.312026810E+00 1.196848840E-01 4.215133716E-01 5.103268651E-03 4.534444844E-01 2.332584365E-04 7.334383244E-06
 4.610324544E+02 1.821563905E-01 2.104480649E+03 3.640537569E+02 1.253947537E+05 1.011452664E-02 1.989564349E+03 2.362956460E+00 1.204936793E-01 4.202425899E-01 5.046418630E-03 4.539041478E-01 2.872212490E-04 1.001673277E-05
 4.606651894E+02 1.796300699E-01 2.164462254E+03 3.741579536E+02 1.253074405E+05 1.205772624E-02 2.016289395E+03 2.415294701E+00 1.213136730E-01 4.189542133E-01 4.988803293E-03 4.543693904E-01 3.425930577E-04 1.280336766E-05
 4.602061082E+02 1.771104058E-01 2.226742999E+03 3.845601422E+02 1.252004024E+05 1.421685745E-02 2.043684683E+03 2.469627212E+00 1.221041178E-01 4.177122601E-01 4.935750976E-03 4.547592417E-01 4.433946604E-04 2.220828577E-05
 4.596322567E+02 1.744945606E-01 2.291925751E+03 3.952887442E+02 1.250776551E+05 1.654378975E-02 2.072095315E+03 2.526162709E+00 1.228872063E-01 4.164818623E-01 4.885234392E-03 4.550974616E-01 5.819647218E-04 3.713317490E-05
 4.589149422E+02 1.717145182E-01 2.360651706E+03 4.063475003E+02 1.249307091E+05 1.896055990E-02 2.101939298E+03 2.585039333E+00 1.237111143E-01 4.151873286E-01 4.832200307E-03 4.554505809E-01 7.297940212E-04 5.329531940E-05
 4.580182992E+02 1.688012389E-01 2.433695500E+03 4.178070452E+02 1.247516086E+05 2.135929036E-02 2.134404320E+03 2.646658765E+00 1.246087811E-01 4.137769046E-01 4.774541233E-03 4.558325453E-01 8.928983628E-04 7.138875462E-05
 4.568974954E+02 1.656905995E-01 2.512018545E+03 4.297280445E+02 1.245428019E+05 2.356782660E-02 2.170303182E+03 2.712211834E+00 1.256082644E-01 4.122064980E-01 4.721975131E-03 4.560510132E-01 1.218300761E-03 1.352689273E-04
 4.554964907E+02 1.623566047E-01 2.596726396E+03 4.421679148E+02 1.242875860E+05 2.534545273E-02 2.210515315E+03 2.782017873E+00 1.267346507E-01 4.104366976E-01 4.666638526E-03 4.562285074E-01 1.632022047E-03 2.224426603E-04
 4.537452347E+02 1.584882262E-01 2.688989834E+03 4.549694509E+02 1.240147835E+05 2.631098634E-02 2.256620750E+03 2.855674462E+00 1.280838356E-01 4.083168311E-01 4.608161239E-03 4.563306411E-01 2.187295115E-03 3.647374865E-04
 4.515561648E+02 1.541597312E-01 2.790056977E+03 4.681521867E+02 1.236499182E+05 2.602177298E-02 2.309886876E+03 2.935113360E+00 1.298916025E-01 4.054764257E-01 4.563243805E-03 4.560038113E-01 3.177373473E-03 7.182895778E-04
 4.488198274E+02 1.492095060E-01 2.900192633E+03 4.822421788E+02 1.231187273E+05 2.384228666E-02 2.372775140E+03 3.018595234E+00 1.324510813E-01 4.014549169E-01 4.534598808E-03 4.551575562E-01 4.696055134E-03 1.426238267E-03
 4.453994057E+02 1.435896483E-01 3.017162490E+03 4.961639060E+02 1.225701591E+05 1.897105986E-02 2.444114695E+03 3.102247057E+00 1.362978650E-01 3.954107760E-01 4.552589756E-03 4.532792361E-01 7.087910757E-03 2.879332429E-03
 4.411238785E+02 1.365257480E-01 3.135233040E+03 5.111690964E+02 1.211514712E+05 8.829958195E-03 2.525477311E+03 3.176513755E+00 1.427044176E-01 3.853447023E-01 4.671464461E-03 4.494458751E-01 1.094943438E-02 5.946308419E-03
 4.357794696E+02 1.335360750E-01 3.182803077E+03 5.121038387E+02 1.208043343E+05 3.937476967E-04 2.563176136E+03 3.199394989E+00 1.466061699E-01 3.792142165E-01 4.771224320E-03 4.469337898E-01 1.318847785E-02 8.032502489E-03
 4.290989584E+02 1.311669462E-01 3.191885830E+03 5.025519164E+02 1.185433524E+05 0.000000000E+00 2.560876896E+03 3.208378899E+00 1.465240356E-01 3.793432781E-01 4.771731417E-03 4.469496174E-01 1.315158946E-02 8.009192418E-03
 4.207483194E+02 1.293287486E-01 3.197874236E+03 4.932085222E+02 1.166422321E+05 0.000000000E+00 2.557029028E+03 3.215529336E+00 1.462340719E-01 3.797988821E-01 4.766001478E-03 4.471081388E-01 1.299673863E-02 7.867190660E-03
 4.113983567E+02 1.271452248E-01 3.205048358E+03 4.825039871E+02 1.143936024E+05 4.676111159E-15 2.552539829E+03 3.224165686E+00 1.458982405E-01 3.803265555E-01 4.759426422E-03 4.472905852E-01 1.281814621E-02 7.703058408E-03
 4.020483940E+02 1.250033829E-01 3.211797794E+03 4.722818398E+02 1.122969142E+05 4.655840132E-15 2.548206866E+03 3.232133622E+00 1.455769067E-01 3.808314495E-01 4.753218393E-03 4.474637863E-01 1.264785430E-02 7.546630776E-03
 3.926984314E+02 1.228199318E-01 3.218813814E+03 4.616160286E+02 1.101141725E+05 4.329204929E-15 2.543459081E+03 3.240746503E+00 1.452120278E-01 3.814047624E-01 4.745862586E-03 4.476643072E-01 1.245412647E-02 7.366367842E-03
 3.833484687E+02 1.206204399E-01 3.226029804E+03 4.505715801E+02 1.078851609E+05 4.046074880E-15 2.538629616E+03 3.249742579E+00 1.448385106E-01 3.819916477E-01 4.738277640E-03 4.478699187E-01 1.225639649E-02 7.181167452E-03
 3.739985061E+02 1.184565420E-01 3.233306851E+03 4.396208669E+02 1.056644154E+05 3.784454250E-15 2.533730993E+03 3.258826407E+00 1.445105580E-01 3.825069413E-01 4.733089794E-03 4.480383710E-01 1.207919303E-02 7.030000320E-03
 3.646485434E+02 1.163449533E-01 3.240281259E+03 4.289856085E+02 1.035800981E+05 3.541342389E-15 2.529016699E+03 3.267282907E+00 1.442232961E-01 3.829583003E-01 4.729481230E-03 4.481774002E-01 1.192252267E-02 6.904905272E-03
 3.552985808E+02 1.142446462E-01 3.247251304E+03 4.181427221E+02 1.015110598E+05 3.313170850E-15 2.523885152E+03 3.275974797E+00 1.438964585E-01 3.834718413E-01 4.724961387E-03 4.483407207E-01 1.174354028E-02 6.759205710E-03
 3.459486181E+02 1.121386784E-01 3.254413383E+03 4.068537556E+02 9.939202305E+04 3.097711420E-15 2.518377557E+03 3.285230290E+00 1.435340829E-01 3.840412198E-01 4.719620161E-03 4.485257048E-01 1.154487489E-02 6.594852355E-03
 3.365986555E+02 1.100631945E-01 3.261624484E+03 3.955876418E+02 9.727563850E+04 2.895836922E-15 2.512920965E+03 3.294713976E+00 1.431726823E-01 3.846090662E-01 4.714230503E-03 4.487104632E-01 1.134745792E-02 6.430191706E-03
 3.272486928E+02 1.080489390E-01 3.268599095E+03 3.848134393E+02 9.526166966E+04 2.708058916E-15 2.508036465E+03 3.303692372E+00 1.428589891E-01 3.851019536E-01 4.709834055E-03 4.488664808E-01 1.117786731E-02 6.289246845E-03
 3.178987302E+02 1.060489704E-01 3.275399786E+03 3.740118761E+02 9.332847331E+04 2.529777540E-15 2.503028106E+03 3.312402257E+00 1.425322800E-01 3.856152913E-01 4.705127075E-03 4.490303496E-01 1.100127026E-02 6.141380536E-03
 3.085487675E+02 1.040583507E-01 3.282374735E+03 3.626155245E+02 9.136185511E+04 2.360730713E-15 2.497674916E+03 3.321641235E+00 1.421711979E-01 3.861826361E-01 4.699591271E-03 4.492155174E-01 1.080572161E-02 5.975145817E-03
 2.991988049E+02 1.020875632E-01 3.289450906E+03 3.509655608E+02 8.938935604E+04 2.200795490E-15 2.492380365E+03 3.331132567E+00 1.418126121E-01 3.867460584E-01 4.694057241E-03 4.493993107E-01 1.061235538E-02 5.809505031E-03
 2.898488422E+02 1.001823207E-01 3.296402805E+03 3.397237215E+02 8.747578441E+04 2.053461564E-15 2.487433787E+03 3.340485768E+00 1.414808562E-01 3.872673250E-01 4.689031530E-03 4.495674609E-01 1.043475531E-02 5.656718745E-03
 2.804988796E+02 9.831207402E-02 3.303001080E+03 3.286177581E+02 8.569307797E+04 1.915797702E-15 2.482483362E+03 3.349193545E+00 1.411459296E-01 3.877935729E-01 4.683898126E-03 4.497377096E-01 1.025564150E-02 5.501965041E-03
 2.711489169E+02 9.644574093E-02 3.309777169E+03 3.169902256E+02 8.387254056E+04 1.785566629E-15 2.477129285E+03 3.358503397E+00 1.407705775E-01 3.883833376E-01 4.677786212E-03 4.499330231E-01 1.005429502E-02 5.325557779E-03
 2.617989543E+02 9.458614598E-02 3.316687991E+03 3.049405294E+02 8.204116496E+04 1.661580233E-15 2.471958811E+03 3.368011195E+00 1.404106816E-01 3.889488173E-01 4.671998538E-03 4.501186117E-01 9.862620239E-03 5.156657241E-03
 2.524489916E+02 9.278666682E-02 3.323544933E+03 2.929804790E+02 8.024873356E+04 1.547393561E-15 2.467018652E+03 3.377493306E+00 1.400799441E-01 3.894684825E-01 4.667107413E-03 4.502848446E-01 9.686864842E-03 5.004441818E-03
 2.430990290E+02 9.105601207E-02 3.330001962E+03 2.810618471E+02 7.858996398E+04 1.444237144E-15 2.461417006E+03 3.386337193E+00 1.397732432E-01 3.899503811E-01 4.665026537E-03 4.504212670E-01 9.516642447E-03 4.882265087E-03
 2.337490663E+02 8.935072749E-02 3.336510144E+03 2.686296172E+02 7.693551878E+04 1.347855250E-15 2.455613466E+03 3.395467991E+00 1.394478507E-01 3.904616477E-01 4.662556801E-03 4.505689636E-01 9.335887988E-03 4.750476402E-03
 2.243991037E+02 8.766166788E-02 3.343130505E+03 2.556475155E+02 7.528342178E+04 1.256803864E-15 2.450071793E+03 3.404739023E+00 1.391389768E-01 3.909469601E-01 4.660282042E-03 4.507074985E-01 9.165607750E-03 4.625635188E-03
 2.150491410E+02 8.603302849E-02 3.349672435E+03 2.425703504E+02 7.367637814E+04 1.173052672E-15 2.444916522E+03 3.413917979E+00 1.388535063E-01 3.913955004E-01 4.658250402E-03 4.508338890E-01 9.009486258E-03 4.510530952E-03
 2.056991783E+02 8.449559924E-02 3.355752517E+03 2.295995669E+02 7.219875033E+04 1.098113240E-15 2.439694286E+03 3.422510898E+00 1.385559096E-01 3.918630930E-01 4.655853343E-03 4.509691425E-01 8.845994266E-03 4.388417174E-03
 1.963492157E+02 8.300627434E-02 3.361658270E+03 2.163031454E+02 7.077264954E+04 1.029155596E-15 2.434241575E+03 3.431058115E+00 1.382359146E-01 3.923658776E-01 4.652969508E-03 4.511183815E-01 8.669504647E-03 4.254717826E-03
 1.869992530E+02 8.152475422E-02 3.367653223E+03 2.024195364E+02 6.934851615E+04 9.631787659E-16 2.429152954E+03 3.439649250E+00 1.379414041E-01 3.928286206E-01 4.650458609E-03 4.512530173E-01 8.508724068E-03 4.132459028E-03
 1.776492904E+02 8.007152286E-02 3.373675835E+03 1.882796205E+02 6.793942130E+04 9.012813111E-16 2.424318062E+03 3.448319611E+00 1.376628512E-01 3.932662907E-01 4.648132457E-03 4.513790256E-01 8.357807748E-03 4.016942842E-03
 1.682993277E+02 7.869244126E-02 3.379465188E+03 1.744889009E+02 6.659351831E+04 8.453455769E-16 2.419460274E+03 3.456899310E+00 1.373760493E-01 3.937169213E-01 4.645509133E-03 4.515115558E-01 8.201990944E-03 3.896190421E-03
 1.589493651E+02 7.735323828E-02 3.384884184E+03 1.609298315E+02 6.534109853E+04 7.934972415E-16 2.414511891E+03 3.464912161E+00 1.370786079E-01 3.941842683E-01 4.642628947E-03 4.516509441E-01 8.040024256E-03 3.769751697E-03
 1.495994024E+02 7.601628613E-02 3.390361700E+03 1.471386073E+02 6.407647609E+04 7.439456909E-16 2.409584040E+03 3.473165940E+00 1.367807506E-01 3.946522688E-01 4.639696054E-03 4.517906126E-01 7.878488498E-03 3.642552146E-03
 1.402494398E+02 7.468543762E-02 3.395893489E+03 1.332154754E+02 6.280486666E+04 6.967539764E-16 2.404754655E+03 3.481624996E+00 1.364883780E-01 3.951116515E-01 4.636807657E-03 4.519272018E-01 7.720817632E-03 3.517384784E-03
 1.308994771E+02 7.339461340E-02 3.401342523E+03 1.196518951E+02 6.155675501E+04 6.530158208E-16 2.400080022E+03 3.490130800E+00 1.362037555E-01 3.955588571E-01 4.633948415E-03 4.520602528E-01 7.567967340E-03 3.394966302E-03
 1.215495145E+02 7.216267180E-02 3.406446485E+03 1.067339842E+02 6.039649691E+04 6.132240621E-16 2.395504656E+03 3.498115170E+00 1.359219755E-01 3.960015960E-01 4.631025840E-03 4.521929169E-01 7.416691747E-03 3.273008538E-03
 1.121995518E+02 7.095592586E-02 3.411439751E+03 9.400278239E+01 5.927153680E+04 5.762681109E-16 2.390490748E+03 3.505997745E+00 1.356611960E-01 3.964113388E-01 4.630293267E-03 4.522993291E-01 7.274869317E-03 3.174325501E-03
 1.028495892E+02 6.977749695E-02 3.416427337E+03 8.120894754E+01 5.815433650E+04 5.419129394E-16 2.385267023E+03 3.514040767E+00 1.354210839E-01 3.967886090E-01 4.631153347E-03 4.523844027E-01 7.143096141E-03 3.094440103E-03
 9.349962652E+01 6.866153158E-02 3.421240944E+03 6.864994972E+01 5.708030443E+04 5.108496101E-16 2.380152951E+03 3.522026966E+00 1.351821564E-01 3.971640174E-01 4.631840816E-03 4.524709535E-01 7.011764737E-03 3.013632007E-03
 8.414966387E+01 6.763578711E-02 3.425718225E+03 5.680014659E+01 5.608549178E+04 4.833696555E-16 2.375544840E+03 3.529538774E+00 1.349664899E-01 3.975028776E-01 4.632449362E-03 4.525487531E-01 6.893801280E-03 2.940469006E-03
 7.479970122E+01 6.671423221E-02 3.429636763E+03 4.592153126E+01 5.521924982E+04 4.596052647E-16 2.371345133E+03 3.536077802E+00 1.347684060E-01 3.978141116E-01 4.632949982E-03 4.526207727E-01 6.785441812E-03 2.872837961E-03
 6.544973857E+01 6.586389612E-02 3.433197534E+03 3.574435405E+01 5.443679112E+04 4.383574519E-16 2.367488684E+03 3.541983198E+00 1.345859648E-01 3.981007672E-01 4.633393778E-03 4.526870675E-01 6.685883177E-03 2.810376614E-03
 5.609977591E+01 6.508244037E-02 3.436512744E+03 2.626517757E+01 5.371085285E+04 4.194548950E-16 2.363908953E+03 3.547577428E+00 1.344152293E-01 3.983690305E-01 4.633750948E-03 4.527496578E-01 6.592782780E-03 2.751435126E-03
 4.674981326E+01 6.438915813E-02 3.439482817E+03 1.793105057E+01 5.306195451E+04 4.032150087E-16 2.360732956E+03 3.552657912E+00 1.342629756E-01 3.986082548E-01 4.634038036E-03 4.528056795E-01 6.509915654E-03 2.698585072E-03
 3.739985061E+01 6.380613451E-02 3.442004593E+03 1.116039762E+01 5.251012229E+04 3.900764353E-16 2.357962686E+03 3.557081537E+00 1.341283495E-01 3.988197821E-01 4.634214165E-03 4.528561944E-01 6.436417326E-03 2.651270957E-03
 2.804988796E+01 6.334218744E-02 3.444014372E+03 6.207589974E+00 5.206816536E+04 3.800789038E-16 2.355740089E+03 3.560660697E+00 1.340197156E-01 3.989904698E-01 4.634330745E-03 4.528972078E-01 6.377127031E-03 2.612880372E-03
 1.869992530E+01 6.300451155E-02 3.445491011E+03 2.999704664E+00 5.174679622E+04 3.733087265E-16 2.354188080E+03 3.563265268E+00 1.339444080E-01 3.991087947E-01 4.634435940E-03 4.529251846E-01 6.336288300E-03 2.586408471E-03
 9.349962652E+00 6.278820517E-02 3.446550648E+03 1.219386281E+00 5.154462653E+04 3.692169676E-16 2.353366528E+03 3.564957621E+00 1.339065739E-01 3.991682406E-01 4.634576999E-03 4.529378409E-01 6.316401454E-03 2.573689953E-03
 0.000000000E+00 6.270759417E-02 3.447242155E+03 0.000000000E+00 5.147766061E+04 3.650106688E-16 2.353402312E+03 3.565690221E+00 1.339132731E-01 3.991577150E-01 4.634782661E-03 4.529320089E-01 6.321483233E-03 2.577479447E-03

